set Nv:= 0 1 2;
set Ns:=0 1 2 3 4 5 6 7 8 9 10 11 12 13 14 15 16 17 18 19 20 21 22 23 24 25 26 27 ;
set X[0]:=1 3 6 13 14 15 16 20 21 22 24 25 26 27 ;
set X[1]:=1 3 6 13 14 15 16 20 21 22 24 25 26 27 ;
set X[2]:=1 3 6 13 14 15 16 20 21 22 24 25 26 27 ;
param c:=
0 0.3528704200000188
1 31.236313979999984
2 0.6154550599999964
3 49.68507745000001
4 0.4040304500000029
5 0.2842860999999933
6 40.47237674
7 0.2593015299999901
8 0.10715539000000085
9 0.11629026999999303
10 0.10543949999999835
11 0.3513650399999914
12 0.06491990000001335
13 31.98382079000001
14 52.41116635
15 53.28682686999998
16 59.820460340000004
17 0.18162949999999478
18 0.26063349999997887
19 0.048748299999976985
20 61.50910594
21 53.566321220000006
22 37.93142059
23 1.0843936900000057
24 7.273994890000001
25 63.95759464
26 48.31932874
27 42.92453946000001
;
param p:=
0 1.1275726000000001
1 2.8486421
2 4.0790163
;
param U:=
0 0.3528704200000188
1 31.236313979999984
2 0.6154550599999964
3 49.68507745000001
4 0.4040304500000029
5 0.2842860999999933
6 40.47237674
7 0.2593015299999901
8 0.10715539000000085
9 0.11629026999999303
10 0.10543949999999835
11 0.3513650399999914
12 0.06491990000001335
13 31.98382079000001
14 52.41116635
15 53.28682686999998
16 59.820460340000004
17 0.18162949999999478
18 0.26063349999997887
19 0.048748299999976985
20 61.50910594
21 53.566321220000006
22 37.93142059
23 1.0843936900000057
24 7.273994890000001
25 63.95759464
26 48.31932874
27 42.92453946000001
;
param sv:=
0 1 344266.07881289726
0 3 334365.49440920557
0 6 342645.3223827941
0 13 335839.7335421828
0 14 335586.9249311578
0 15 337756.2170625677
0 16 339447.9930389034
0 20 489049.6100105219
0 21 339117.978170915
0 22 340013.54087893176
0 24 340033.8635487415
0 25 472463.6985762736
0 26 335710.6681732308
0 27 336149.92003647593
1 1 348083.4742880843
1 3 340980.8852968774
1 6 349098.9573448191
1 13 342248.3115967952
1 14 340775.0363073193
1 15 342785.650425685
1 16 343867.94645363983
1 20 517143.3791260351
1 21 347218.6488466292
1 22 345191.2946438025
1 24 344954.89550446713
1 25 498603.3035579221
1 26 342244.17806501524
1 27 340868.2246719303
2 1 350812.48953346914
2 3 345710.1575726957
2 6 353712.59203737136
2 13 346829.7355875646
2 14 344483.9617074589
2 15 346381.13860939804
2 16 347027.72393310454
2 20 537227.3145513531
2 21 353009.73177622346
2 22 348892.81549827696
2 24 348472.88868004794
2 25 517290.22791955405
2 26 346914.9144915781
2 27 344241.29025191034
;
