100 570 100 12.5 6 1 100
92.009386
69.719146
89.154961
89.922002
95.582368
59.877568
66.761138
88.411480
63.888736
77.698498
73.869853
81.443546
68.239224
75.670046
97.611486
95.809753
81.785586
85.864846
57.080128
80.348444
50.815029
62.144339
56.861579
90.208838
57.833954
70.047220
56.489522
55.440440
99.946226
60.912845
75.646620
91.955612
80.631992
64.801581
81.877613
76.214360
74.679149
98.638751
64.625839
88.567885
76.337249
88.495692
70.011431
94.576473
64.165737
67.622917
90.386226
95.951324
53.487764
97.466354
76.299768
54.302792
59.610692
83.161346
94.511630
67.444647
53.208566
51.001152
72.885087
53.154792
61.913998
98.531707
95.110404
92.545989
63.333287
76.988017
68.760349
88.012437
75.626768
83.386188
76.580322
51.964017
71.881880
96.591753
96.540490
86.047617
64.214670
86.926716
81.998941
67.702434
84.393070
58.298708
72.005226
94.003762
91.460055
66.516856
61.448409
94.668621
67.518009
84.333495
97.823413
79.432007
82.865202
92.933816
71.977996
96.198489
69.921833
90.738345
84.210926
95.548602
153.69
762.11
432.58
942.75
83.49
610.28
301.67
584.36
159.72
817.55
741.96
396.14
108.72
492.05
982.64
654.21
381.07
776.38
205.99
843.11
322.67
967.44
582.69
239.80
518.97
106.28
724.59
832.48
457.90
178.62
963.73
657.24
378.41
193.02
569.89
312.30
705.91
862.54
420.47
989.64
110.56
537.98
888.32
761.24
274.16
609.83
121.74
355.89
975.26
681.15
423.87
158.32
582.16
791.04
204.18
823.72
467.10
137.54
945.67
632.90
381.29
276.48
821.03
558.93
719.42
106.77
681.49
310.83
857.61
429.14
964.70
191.62
639.54
852.91
485.27
378.63
721.49
126.30
553.41
740.50
823.12
307.41
468.10
269.73
150.84
901.76
374.32
655.78
459.03
792.41
324.56
184.95
602.18
815.79
572.34
231.79
229.12
712.25
458.57
416.25
0 96 73.970405 396
0 90 66.374112 397
0 82 72.538681 363
0 71 90.440093 646
0 70 86.106149 428
0 69 89.850133 659
0 61 94.997070 686
0 59 78.597549 162
0 49 56.626024 456
0 37 78.794920 323
0 22 95.016555 424
1 84 60.907073 333
1 77 65.320435 274
1 74 62.981328 315
1 72 55.831610 432
1 56 87.002216 515
1 51 92.303869 447
1 42 63.931394 517
1 21 91.890567 374
1 11 80.907306 578
2 96 94.341550 632
2 73 87.570687 649
2 66 64.049155 179
2 65 77.816906 585
2 58 66.619900 341
2 20 70.820746 688
3 96 96.443312 337
3 94 83.786035 668
3 90 70.386062 697
3 89 53.174854 464
3 73 96.024027 497
3 66 56.019687 180
3 59 93.553397 278
3 50 53.170447 520
3 25 74.322568 462
3 16 63.440680 598
3 6 54.835191 396
4 88 58.002739 636
4 87 67.179604 281
4 85 89.559526 517
4 77 92.431471 568
4 66 95.435958 529
4 65 92.108090 287
4 62 50.638530 658
4 50 75.989357 403
4 26 88.711825 336
4 22 93.990454 487
4 7 60.341280 447
4 6 64.682594 356
5 93 72.987816 183
5 79 97.589479 666
5 39 57.669280 677
5 35 87.439864 251
5 31 71.309017 403
5 24 51.491665 595
5 16 88.418971 296
5 12 71.248815 185
5 8 82.797919 669
5 7 63.076922 623
6 98 75.851058 221
6 85 87.249833 672
6 73 61.079662 528
6 72 59.294394 216
6 69 68.784139 690
6 61 84.932668 165
6 58 62.982150 696
6 56 78.200451 255
6 55 84.946817 659
6 54 86.323450 369
6 50 70.259782 180
6 45 67.124377 583
6 42 81.738251 188
6 36 92.533681 280
6 22 51.730097 168
6 7 97.972619 408
7 95 94.676881 530
7 93 92.144037 631
7 77 66.462740 464
7 74 77.177484 257
7 55 75.415419 184
7 54 77.018833 628
7 44 94.632299 397
7 37 59.048998 639
7 27 70.859598 531
7 25 85.834951 178
7 24 83.187562 412
7 10 99.798132 329
8 98 91.332520 456
8 90 79.461983 600
8 88 97.942416 654
8 80 70.643771 698
8 60 62.657055 691
8 59 98.375839 466
8 55 64.226239 399
8 39 64.366673 369
8 36 87.663476 667
9 85 78.039225 227
9 79 96.604791 481
9 60 61.874890 343
9 55 82.460671 477
9 28 58.583769 324
9 12 50.669169 209
9 11 80.574047 253
9 10 50.713713 404
10 83 85.064306 432
10 80 87.470632 464
10 65 91.275426 628
10 64 68.495885 682
10 59 79.247481 533
10 49 65.204589 257
10 28 72.363780 266
10 22 84.999662 663
10 16 85.163838 374
11 92 87.491229 666
11 81 99.068841 216
11 61 94.748570 543
11 53 85.600134 255
11 50 66.034510 498
11 49 87.419427 559
11 48 76.210210 504
11 29 65.404352 346
11 26 78.191809 182
11 24 63.808529 509
11 19 96.331043 507
11 17 79.409817 385
12 80 86.670165 167
12 59 64.403695 615
12 32 52.176603 613
12 28 53.274279 412
12 22 96.606263 685
13 96 59.619733 645
13 95 59.995729 636
13 90 86.772570 581
13 87 61.394048 388
13 74 92.778462 422
13 70 96.675730 193
13 67 51.285101 625
13 62 64.862592 344
13 59 71.555233 382
13 55 58.149640 237
13 51 72.729267 543
13 48 52.738647 183
13 45 66.489632 214
13 26 86.700496 586
14 82 94.583082 299
14 70 72.107030 182
14 68 74.661591 182
14 65 99.422683 283
14 63 58.132998 339
14 61 85.626158 668
14 44 98.420990 327
14 18 59.094275 672
15 86 57.169427 379
15 79 64.799720 525
15 50 85.150503 631
15 49 79.689709 293
15 48 67.769165 308
15 40 95.012731 230
15 36 87.343605 577
16 90 54.022707 454
16 80 65.019986 688
16 74 86.129502 422
16 60 58.232496 218
16 59 51.115737 235
16 54 96.368916 681
16 50 67.276954 461
16 40 69.043783 366
16 39 94.495997 399
16 29 50.328097 372
17 96 54.937869 433
17 92 82.245077 287
17 85 93.358369 238
17 74 67.055934 507
17 45 84.273038 260
17 30 70.084328 589
18 97 86.326226 562
18 96 64.425482 655
18 94 74.785891 208
18 92 58.007913 453
18 81 89.023471 195
18 79 62.643524 651
18 77 99.166735 203
18 59 82.671655 553
18 56 57.900517 526
18 55 52.958448 668
18 41 68.478351 692
18 40 97.465965 287
18 36 85.217767 314
18 28 50.207821 162
18 20 68.921437 481
19 98 57.786550 593
19 97 55.396463 630
19 95 77.703391 251
19 94 94.870009 345
19 88 56.083981 423
19 40 90.088133 440
19 37 90.193905 501
19 36 50.414812 693
19 35 82.917600 387
19 27 55.865312 202
19 24 71.153715 402
19 22 71.079573 233
20 73 86.180383 426
20 58 83.141579 249
20 53 75.788146 264
20 40 56.680353 482
20 32 57.310678 374
20 25 55.786727 329
20 22 92.259169 388
21 98 70.725373 635
21 95 84.550216 356
21 74 67.070655 649
21 61 50.068374 319
21 58 97.609682 675
21 45 75.800795 244
21 44 68.862022 525
21 42 77.818656 209
21 38 65.574191 641
21 30 96.238936 447
21 29 50.387243 366
22 91 50.778785 221
22 90 55.601777 333
22 80 69.144412 561
22 79 93.103532 526
22 74 62.045240 478
22 73 59.746731 524
22 70 74.642411 674
23 99 71.339577 455
23 96 94.302853 576
23 94 57.696759 463
23 89 72.424252 608
23 78 67.058159 230
23 75 66.500378 347
23 71 64.241948 217
23 70 81.348119 526
23 56 84.766396 648
23 38 71.696787 195
23 34 90.216367 486
23 31 51.756677 622
23 25 52.244780 306
24 82 97.148804 234
24 65 60.397373 698
24 58 88.808896 604
24 56 96.502001 666
24 48 50.686210 343
24 47 53.215397 223
24 39 80.757542 178
24 36 73.353370 533
24 33 52.905905 468
24 31 59.997234 299
25 85 52.224509 638
25 81 66.380928 343
25 66 85.131803 530
25 60 64.762495 353
25 49 89.917194 606
25 33 50.690398 476
25 32 78.998785 631
25 28 58.857214 512
26 96 92.824722 388
26 93 50.919431 639
26 88 59.557975 368
26 86 66.621394 447
26 85 74.408383 295
26 75 87.573437 213
26 68 77.570082 331
26 56 61.568312 522
26 42 92.334301 225
26 38 53.715887 566
26 29 84.546534 622
26 27 64.354584 672
27 93 85.485657 179
27 84 61.529726 291
27 77 76.132752 384
27 75 82.292124 269
27 72 75.746154 583
27 68 62.468406 646
28 99 87.346383 208
28 97 75.619645 261
28 81 69.064564 675
28 53 89.069054 194
28 46 60.763753 292
28 34 76.429237 199
28 31 78.586605 509
29 99 80.564157 578
29 98 98.623507 286
29 97 87.596867 419
29 96 59.963722 459
29 95 98.593607 418
29 94 69.513533 655
29 84 55.053948 217
29 77 64.097286 196
29 72 80.563816 412
29 65 96.612155 180
29 39 63.198435 377
29 38 69.376544 453
30 98 62.311365 464
30 94 52.904854 430
30 77 83.238350 568
30 70 68.885727 408
30 61 94.624598 671
31 96 58.721247 619
31 77 51.618398 303
31 65 81.348059 564
31 60 54.781443 686
31 58 81.097737 336
31 36 96.121280 681
31 35 77.357746 368
32 89 96.638692 242
32 74 82.868558 368
32 73 89.646620 546
32 65 62.104615 333
32 57 82.385399 330
33 79 90.698588 653
33 65 96.500927 303
33 48 79.426256 267
33 39 77.093550 357
34 75 73.346991 665
34 72 56.832472 567
34 67 78.923954 309
34 63 55.556643 671
34 49 71.449307 217
34 46 55.216713 319
34 40 78.363019 343
34 38 72.776954 438
34 35 61.692532 323
35 83 63.476679 296
35 79 64.381559 433
35 75 88.806615 398
35 73 61.485826 667
35 60 64.664463 208
35 57 76.433068 276
35 55 79.059585 259
35 51 70.469961 531
36 90 54.475109 393
36 64 97.505973 681
36 59 59.415605 627
36 57 61.709674 477
36 48 67.762333 247
36 39 66.487723 487
37 88 51.304270 295
37 79 52.962861 649
37 73 51.977401 609
37 70 60.643026 360
37 68 72.424568 229
37 67 76.091558 473
37 63 63.040934 399
37 56 78.847044 471
37 54 52.304685 455
38 90 77.992577 249
38 83 98.710920 606
38 82 66.811545 678
38 78 94.453830 214
38 75 72.758844 617
38 72 68.593912 199
38 68 52.755451 667
38 63 67.426821 680
38 49 84.679130 391
38 41 73.062732 622
39 97 60.188239 357
39 90 67.451007 216
39 89 82.576331 594
39 81 88.804423 345
39 80 72.592460 201
39 56 60.740381 668
39 55 97.888901 576
39 48 76.083588 308
39 47 67.577827 567
40 73 93.221664 470
40 65 82.753582 504
40 60 79.583237 513
40 58 81.713757 305
40 57 91.227344 170
41 91 66.414281 542
41 88 61.715043 589
41 86 59.777377 408
41 83 62.882317 495
41 78 59.657991 185
41 61 53.777083 291
41 55 92.795847 404
42 84 82.835489 683
42 80 73.968765 294
42 64 55.385193 295
42 58 79.456494 494
43 91 81.883263 648
43 87 60.422433 576
43 82 97.719108 556
43 75 58.476559 414
43 66 58.529078 179
43 65 53.236529 282
44 95 51.493360 620
44 80 99.410170 338
44 79 55.367613 458
44 77 66.062416 178
44 76 91.318613 215
44 68 73.662161 310
44 67 99.543010 165
44 61 83.073179 328
44 58 89.177518 231
44 55 53.535060 368
45 92 74.739749 207
45 84 82.527282 263
45 77 56.093683 427
45 70 61.405309 631
45 67 65.894681 397
45 51 84.866882 681
46 79 77.655744 368
46 59 81.763718 193
46 53 93.345213 685
47 61 92.168054 555
47 56 56.684396 638
47 55 58.817929 399
47 54 63.461141 234
47 50 61.155609 405
48 91 54.420780 477
48 77 73.699440 486
48 72 78.648162 319
48 57 51.619386 589
48 55 97.230562 568
49 89 99.364607 658
49 80 77.666534 357
49 70 80.513284 585
49 64 68.508540 419
50 92 88.345634 694
50 73 60.103136 455
50 54 96.517580 605
50 51 96.343903 337
51 88 73.014938 660
51 75 97.226616 496
51 59 62.443702 557
51 55 98.861216 603
52 85 80.807925 637
52 78 92.369864 394
52 76 62.251224 270
52 72 95.452006 507
52 66 52.725670 693
52 58 95.847319 328
52 57 78.440817 191
53 98 95.515956 279
53 85 76.209612 452
53 65 97.300140 357
53 57 72.406623 429
54 96 78.062701 662
54 80 53.449085 245
54 69 79.592109 216
54 59 76.936714 193
54 58 52.035929 611
54 57 55.962704 343
55 98 90.171950 658
55 93 84.006220 191
55 74 79.829758 683
55 69 58.742495 253
56 85 69.970843 222
56 84 90.032936 359
56 80 53.969764 634
56 75 71.105890 379
56 66 88.969741 632
57 69 94.913945 665
57 65 88.934075 499
57 64 92.321760 514
58 97 64.255818 640
58 83 96.979509 677
58 62 77.003113 301
59 97 60.697541 480
59 95 71.156141 234
59 88 52.799018 349
59 74 81.435650 698
59 69 76.662977 693
59 67 98.724826 515
59 66 66.893292 564
59 62 82.938461 628
60 95 53.964493 579
60 91 81.511695 353
60 90 88.940645 452
60 89 97.241468 540
60 82 88.971954 169
60 80 50.520879 600
60 76 77.789033 492
61 87 88.893677 467
61 77 94.699054 463
61 69 83.190335 245
62 82 61.035718 219
63 78 59.039586 341
63 71 66.032477 301
64 81 54.394607 188
65 83 60.459000 444
65 79 70.924951 410
65 78 59.241271 514
65 73 63.301931 653
66 90 72.882416 217
66 87 79.444321 319
66 85 72.040686 434
66 81 97.805834 537
66 67 57.489192 260
67 97 88.316293 500
67 95 96.749328 469
67 86 99.686318 462
67 80 86.132612 289
67 72 95.483740 365
68 87 66.490315 261
68 86 85.090859 599
68 85 87.211417 348
68 75 91.372808 492
69 97 58.452456 537
69 96 94.634605 593
69 95 65.218138 235
69 94 93.189242 608
69 83 54.044126 271
69 76 87.088543 198
69 73 77.694587 372
69 72 63.721564 181
70 93 96.911464 208
70 85 82.228961 671
70 84 72.133786 588
70 82 85.209165 230
70 77 77.591049 568
71 97 65.573416 696
71 94 76.315834 225
71 87 61.255154 543
71 86 61.620964 230
72 85 66.103162 443
72 81 79.968685 487
73 93 64.097926 441
73 92 50.287480 256
73 83 95.546130 216
73 81 76.591305 642
74 98 52.425982 611
74 96 72.675577 182
74 94 56.546844 490
74 84 62.367644 216
75 92 83.433465 221
75 91 62.056033 314
75 82 54.761160 465
76 94 55.953106 166
76 83 73.140156 606
76 82 71.906074 204
76 77 94.413172 168
77 80 98.535722 160
78 83 85.887570 214
79 97 59.697568 390
79 96 76.805269 186
79 91 90.701395 348
79 88 59.791642 647
79 85 63.886194 680
80 96 58.186335 607
80 95 58.094495 621
80 87 66.212532 445
81 97 90.626681 510
81 96 58.522395 238
81 94 86.990007 682
82 85 64.153856 379
83 96 70.905869 494
83 91 60.770839 342
84 95 67.078126 461
85 98 68.264794 590
85 97 78.092110 508
85 95 63.064567 647
85 92 74.301314 337
86 99 82.170477 692
86 94 89.194694 654
87 93 64.441347 515
88 96 81.976612 188
90 98 67.439718 434
90 97 51.627572 256
90 96 69.183080 680
91 94 57.624665 659
92 98 97.513659 589
92 95 91.903964 370
93 98 97.972126 409
94 96 54.942908 630
94 95 85.757784 446
BPSK 12.5 3000
QPSK 25 1500
8QAM 37.5 750
16QAM 50 375
32QAM 62.5 94
64QAM 75 24
0
1
2
3
4
5
6
7
8
9
10
11
12
13
14
15
16
17
18
19
20
21
22
23
24
25
26
27
28
29
30
31
32
33
34
35
36
37
38
39
40
41
42
43
44
45
46
47
48
49
50
51
52
53
54
55
56
57
58
59
60
61
62
63
64
65
66
67
68
69
70
71
72
73
74
75
76
77
78
79
80
81
82
83
84
85
86
87
88
89
90
91
92
93
94
95
96
97
98
99