24 43 400 12.5 6 1 24
92.009386
69.719146
89.154961
89.922002
95.582368
59.877568
66.761138
85.761138
84.761138
98.761138
78.761138
92.761138
86.761138
66.761138
76.761138
88.761138
96.761138
89.761138
99.761138
88.761138
66.761138
96.761138
86.761138
76.761138
305.78
752.42
823.84
239.5
575.47
102.51
447.13
152.67
309.2
779.2
480.96
885.24
733.1
449.24
828.58
530.19
266.91
219.47
884.54
714.43
587.73
549.53
772.59
550.0
0 1 74.124533 252
0 5 60.791248 364
1 2 60.791248 216
1 5 97.512619 360
2 3 96.006413 276
2 4 96.006413 432
2 6 57.383001 304
3 4 94.053108 220
3 6 82.054030 280
4 7 71.597671 368
5 6 80.979824 292
5 8 64.052971 360
5 10 89.300105 572
6 7 98.300105 464
6 8 79.300105 328
7 9 69.300105 272
8 9 89.300105 440
8 10 79.300105 364
8 11 89.300105 320
9 12 97.300105 320
9 13 86.300105 268
10 11 69.300105 288
10 14 99.462259 344
10 18 56.466197 648
11 12 62.143595 236
11 15 86.387512 280
12 13 85.678849 244
12 16 63.372490 332
13 17 84.956918 388
14 15 76.229174 228
14 19 69.719146 272
15 16 76.761138 224
15 20 86.761138 288
15 21 96.761138 272
16 17 66.761138 280
16 21 88.761138 168
16 22 99.761138 364
17 23 89.761138 280
18 19 96.761138 188
19 20 88.761138 216
20 21 99.761138 164
21 22 89.761138 260
22 23 96.761138 180
BPSK 12.5 3000
QPSK 25 1500
8QAM 37.5 750
16QAM 50 375
32QAM 62.5 94
64QAM 75 24
0
1
2
3
4
5
6
7
8
9
10
11
12
13
14
15
16
17
18
19
20
21
22
23



