28 41 400 12.5 6 1 28
89.04431572
95.64945028
97.47938376
69.95948765
62.61667435
59.877568
67.46952714
65.47457543
99.30520299
83.65497327
70.0093781
93.41905514
74.0398126
62.47659979
83.92720735
86.57510057
98.51318744
97.7013256
69.200537
97.2670499
61.50910594
64.25176592
77.32815899
73.30473639
64.55175309
63.95759464
70.00015154
84.85805756
265.68
353.59
265.68
448.18
218.78
87.57
421.66
87.60
129.34
87.57
87.57
223.19
234.04
387.73
421.66
421.66
421.66
232.50
145.70
108.93
836.70
504.03
387.73
284.33
307.62
809.49
442.89
387.73
0 1 61.23572185 308.0326579
0 3 97.02921217 710.7070154
1 2 95.1753814 463.3172983
2 3 89.48423127 357.3651652
2 5 98.81889435 343.5496663
3 15 76.03280746 365.7691268
3 4 53.22063292 173.5796234
4 5 70.18624492 263.689
4 6 72.58624492 316.8005494
5 7 62.69573077 397.3387368
5 10 100.9855775 391.4940306
5 9 51.46930487 499.3004922
6 7 86.47456199 183.75834
6 14 75.94989052 304.5829213
6 15 66.50024011 392.9839716
7 8 67.71878934 145.4493101
8 10 88.55872114 335.2356006
8 13 75.17747896 218.4070627
9 11 81.88663315 553.9799749
10 12 82.59050101 531.9779085
11 12 69.59126319 505.4432387
13 14 96.90861667 348.3209596
13 27 70.61111564 476.8861793
14 16 86.52894652 504.4134271
14 22 74.09337012 355.3791492
15 16 70.0090707 255.2475703
16 20 66.43476591 516.8573699
16 17 87.0206902 355.148752
16 21 56.29214072 281.1306466
17 18 99.7627534 483.3055124
18 19 67.6191092 416.2943387
19 20 93.89956474 809.7889306
20 23 94.96676307 545.2464805
21 23 93.49543058 442.3976321
21 22 70.58569609 250.8752814
22 24 74.23620082 267.7607408
23 25 54.96716468 320.4125426
24 25 85.18589678 367.5560642
24 27 72.5085057 516.9285236
25 26 94.06186984 804.1801455
26 27 83.55344 1050.866481
BPSK 12.5 3000
QPSK 25 1500
8QAM 37.5 750
16QAM 50 375
32QAM 62.5 94
64QAM 75 24
0
1
2
3
4
5
6
7
8
9
10
11
12
13
14
15
16
17
18
19
20
21
22
23
24
25
26
27