100 570 100 12.5 6 1 100
50.000000
84.500052
75.270920
79.574527
77.739246
68.921441
62.886606
60.369107
81.313097
67.006352
92.192594
53.438902
70.495345
93.999703
65.974015
99.028408
54.250239
95.381448
55.125472
96.098888
75.377561
93.614463
66.662987
84.620473
77.847310
68.095760
51.599691
92.925555
54.949225
93.853376
72.462946
71.609630
80.313396
96.391883
83.214284
69.768268
71.923448
82.606254
96.443178
97.457168
65.366787
79.824147
89.153809
66.901519
90.262640
97.109832
53.323667
92.854341
98.860917
94.482310
77.263781
93.218587
72.888634
90.010971
93.685279
91.090921
59.286311
54.313251
81.907790
61.691399
73.136086
50.370995
81.750527
71.062553
97.682915
60.506023
98.537528
63.062627
92.853216
79.066636
85.365916
64.298761
65.910189
82.197584
92.925916
83.444500
72.157485
52.794748
88.872632
79.734629
55.104082
64.977701
97.535966
83.286007
97.386211
93.971953
85.043324
68.799363
80.674104
93.157031
56.808566
71.984260
63.728597
59.340486
75.308218
78.525510
83.641405
81.181336
53.064905
77.522816
71.82
651.64
100.06
702.93
75.41
241.79
250.59
192.47
39.96
284.13
386.38
383.53
126.35
547.81
883.37
665.30
926.94
769.65
707.86
911.05
507.83
291.58
556.49
561.85
48.60
942.57
410.09
848.87
182.22
356.40
127.77
178.28
383.27
823.16
174.22
437.51
325.40
565.42
145.96
681.16
479.87
379.99
302.94
834.88
337.29
584.63
936.44
811.68
412.82
399.28
413.25
348.18
385.68
24.43
874.54
770.34
370.38
766.64
494.70
459.56
849.10
277.25
715.39
90.59
899.64
553.06
256.61
461.96
992.63
861.79
963.84
514.06
748.68
625.17
382.10
673.73
101.72
952.07
245.74
780.39
977.65
506.18
594.99
576.86
327.03
404.52
712.04
247.38
691.79
85.01
66.43
797.31
292.48
806.76
324.92
294.86
691.05
534.56
181.13
59.42
0 96 78.197700 444 100
0 90 76.829062 527 100
0 82 55.211682 561 100
0 71 79.976645 396 100
0 70 63.816193 342 100
0 69 67.117854 198 100
0 61 87.014461 538 100
0 59 98.192090 603 100
0 49 65.573634 156 100
0 37 68.819344 286 100
0 22 77.983602 323 100
1 84 73.631922 213 100
1 77 98.568491 411 100
1 74 81.706524 366 100
1 72 67.722383 748 100
1 56 68.650042 267 100
1 51 66.999050 602 100
1 42 50.133841 714 100
1 21 86.704841 217 100
1 11 79.522879 529 100
2 96 79.988552 287 100
2 73 93.855285 401 100
2 66 65.347479 718 100
2 65 50.661470 606 100
2 58 99.949721 191 100
2 20 76.729586 376 100
3 96 91.529344 529 100
3 94 96.436017 621 100
3 90 50.148195 216 100
3 89 72.544888 697 100
3 73 86.319977 402 100
3 66 65.226246 323 100
3 59 96.827913 363 100
3 50 55.620963 204 100
3 25 66.281959 651 100
3 16 56.080585 461 100
3 6 95.842620 474 100
4 88 94.046381 675 100
4 87 94.909649 213 100
4 85 62.641272 482 100
4 77 76.439098 354 100
4 66 97.947290 464 100
4 65 62.151080 195 100
4 62 70.331097 659 100
4 50 98.227125 155 100
4 26 95.753948 341 100
4 22 85.516920 305 100
4 7 54.951777 631 100
4 6 84.569360 728 100
5 93 93.131486 430 100
5 79 62.432196 377 100
5 39 63.581766 708 100
5 35 98.447766 730 100
5 31 55.054269 530 100
5 24 71.271312 619 100
5 16 94.979590 328 100
5 12 96.626271 737 100
5 8 55.520961 307 100
5 7 95.706329 408 100
6 98 69.213363 371 100
6 85 89.589943 188 100
6 73 54.582018 629 100
6 72 66.441125 457 100
6 69 50.232467 631 100
6 61 96.010869 345 100
6 58 80.714071 509 100
6 56 60.308051 510 100
6 55 55.402181 404 100
6 54 63.469535 432 100
6 50 57.061879 461 100
6 45 76.010862 265 100
6 42 79.568331 611 100
6 36 60.987245 625 100
6 22 81.273623 710 100
6 7 99.238956 165 100
7 95 76.825441 698 100
7 93 57.885642 324 100
7 77 91.032237 619 100
7 74 90.737805 666 100
7 55 64.773924 423 100
7 54 75.944700 675 100
7 44 51.584259 290 100
7 37 67.974620 598 100
7 27 65.354754 217 100
7 25 51.279867 172 100
7 24 86.802214 604 100
7 10 95.567635 418 100
8 98 95.362013 701 100
8 90 62.879941 223 100
8 88 73.834625 619 100
8 80 54.867336 607 100
8 60 63.670337 486 100
8 59 88.999755 308 100
8 55 92.314084 651 100
8 39 57.761389 703 100
8 36 77.606597 688 100
9 85 91.513777 183 100
9 79 57.037252 212 100
9 60 96.282512 305 100
9 55 63.627438 362 100
9 28 77.533620 680 100
9 12 74.240641 551 100
9 11 89.969776 431 100
9 10 50.089027 731 100
10 83 96.562521 440 100
10 80 52.293585 335 100
10 65 55.128237 451 100
10 64 87.265901 318 100
10 59 67.393164 474 100
10 49 86.674265 290 100
10 28 99.947364 723 100
10 22 66.730276 264 100
10 16 58.124121 427 100
11 92 99.125740 378 100
11 81 82.072905 485 100
11 61 56.714387 435 100
11 53 78.161489 730 100
11 50 59.340133 432 100
11 49 53.881826 335 100
11 48 79.977682 205 100
11 29 96.616973 174 100
11 26 71.077801 643 100
11 24 58.083324 393 100
11 19 71.767364 256 100
11 17 77.097332 324 100
12 80 77.903058 170 100
12 59 98.204945 491 100
12 32 73.358139 196 100
12 28 54.755688 299 100
12 22 65.063067 509 100
13 96 77.541755 207 100
13 95 54.882636 650 100
13 90 53.136402 405 100
13 87 68.670319 504 100
13 74 50.001843 225 100
13 70 61.870023 275 100
13 67 75.956592 255 100
13 62 66.089879 577 100
13 59 97.136685 390 100
13 55 64.136585 311 100
13 51 60.684939 654 100
13 48 78.564735 694 100
13 45 62.896703 635 100
13 26 94.222294 710 100
14 82 50.331522 563 100
14 70 69.080830 640 100
14 68 65.863931 255 100
14 65 78.447079 557 100
14 63 64.706119 709 100
14 61 72.293119 415 100
14 44 75.562603 749 100
14 18 61.681320 526 100
15 86 99.685322 331 100
15 79 75.791481 475 100
15 50 53.027250 454 100
15 49 75.768716 358 100
15 48 76.561494 604 100
15 40 51.888876 666 100
15 36 62.054885 379 100
16 90 98.262564 203 100
16 80 65.890137 489 100
16 74 69.046523 357 100
16 60 83.044631 286 100
16 59 94.782034 625 100
16 54 69.986680 531 100
16 50 67.259141 518 100
16 40 69.993254 544 100
16 39 74.969686 365 100
16 29 83.391836 377 100
17 96 65.969727 165 100
17 92 62.287009 224 100
17 85 80.487662 590 100
17 74 75.285026 606 100
17 45 78.470878 405 100
17 30 80.363641 490 100
18 97 79.945469 744 100
18 96 99.585280 193 100
18 94 56.718368 552 100
18 92 76.862266 377 100
18 81 51.265390 666 100
18 79 70.816925 473 100
18 77 62.367458 391 100
18 59 59.114354 289 100
18 56 54.096011 185 100
18 55 97.939283 205 100
18 41 75.562201 409 100
18 40 96.031932 633 100
18 36 81.778437 719 100
18 28 75.255025 453 100
18 20 93.652172 413 100
19 98 83.549294 298 100
19 97 99.138521 292 100
19 95 53.948361 744 100
19 94 64.268693 476 100
19 88 64.131608 595 100
19 40 74.918893 581 100
19 37 51.521132 388 100
19 36 86.764231 625 100
19 35 82.007850 607 100
19 27 66.766851 543 100
19 24 59.390177 685 100
19 22 85.332349 573 100
20 73 93.715086 411 100
20 58 63.724759 494 100
20 53 92.955733 690 100
20 40 61.871114 322 100
20 32 66.604577 367 100
20 25 71.583508 212 100
20 22 88.329302 723 100
21 98 77.831542 352 100
21 95 55.785868 570 100
21 74 77.062991 500 100
21 61 83.652342 606 100
21 58 79.670581 517 100
21 45 84.361890 511 100
21 44 97.349474 181 100
21 42 93.322629 592 100
21 38 83.566737 739 100
21 30 76.858010 476 100
21 29 81.051561 725 100
22 91 58.930358 710 100
22 90 82.581722 630 100
22 80 54.164962 258 100
22 79 69.258960 269 100
22 74 84.918812 613 100
22 73 93.512097 741 100
22 70 53.889049 653 100
23 99 60.534304 385 100
23 96 91.830657 398 100
23 94 57.224451 453 100
23 89 60.075787 489 100
23 78 89.916602 466 100
23 75 98.386375 277 100
23 71 55.496681 206 100
23 70 96.224515 151 100
23 56 53.621968 409 100
23 38 63.739158 206 100
23 34 75.716860 328 100
23 31 70.793294 507 100
23 25 70.983915 193 100
24 82 75.186762 454 100
24 65 84.722587 651 100
24 58 84.082823 288 100
24 56 57.605765 302 100
24 48 82.386268 563 100
24 47 62.282621 440 100
24 39 54.660615 351 100
24 36 95.205794 201 100
24 33 55.452405 402 100
24 31 98.016680 604 100
25 85 80.848207 190 100
25 81 89.394216 185 100
25 66 64.253247 503 100
25 60 90.312663 219 100
25 49 81.350440 497 100
25 33 75.179981 568 100
25 32 85.884761 334 100
25 28 64.068972 396 100
26 96 59.582901 562 100
26 93 58.391236 280 100
26 88 72.603596 320 100
26 86 51.244851 173 100
26 85 82.923097 151 100
26 75 77.252599 525 100
26 68 97.065955 747 100
26 56 50.668392 704 100
26 42 57.208679 482 100
26 38 96.893483 731 100
26 29 75.694730 451 100
26 27 84.999417 591 100
27 93 90.472072 271 100
27 84 53.463973 564 100
27 77 90.893852 577 100
27 75 60.492519 285 100
27 72 77.105839 193 100
27 68 51.895474 524 100
28 99 58.878312 743 100
28 97 75.720038 199 100
28 81 83.012423 430 100
28 53 64.064906 631 100
28 46 78.056631 283 100
28 34 79.969011 461 100
28 31 90.108997 483 100
29 99 93.384126 574 100
29 98 64.790134 680 100
29 97 60.788268 560 100
29 96 58.872449 156 100
29 95 90.376637 695 100
29 94 58.087870 200 100
29 84 85.157760 535 100
29 77 69.465959 470 100
29 72 74.674225 164 100
29 65 62.980582 221 100
29 39 93.341579 450 100
29 38 52.578644 606 100
30 98 95.035939 173 100
30 94 83.029070 656 100
30 77 99.174446 712 100
30 70 61.876309 266 100
30 61 97.826918 189 100
31 96 80.195288 698 100
31 77 52.130567 453 100
31 65 66.192811 177 100
31 60 75.751619 661 100
31 58 69.966985 452 100
31 36 69.860831 300 100
31 35 82.471105 573 100
32 89 74.985369 325 100
32 74 82.803144 687 100
32 73 58.443507 248 100
32 65 63.974985 470 100
32 57 80.532513 676 100
33 79 80.990229 250 100
33 65 91.668090 505 100
33 48 51.825599 581 100
33 39 98.061042 436 100
34 75 93.913531 710 100
34 72 68.784767 255 100
34 67 98.842032 341 100
34 63 96.680428 486 100
34 49 84.031727 636 100
34 46 71.697368 420 100
34 40 53.602738 289 100
34 38 83.028064 518 100
34 35 83.399363 447 100
35 83 66.817788 743 100
35 79 57.572314 208 100
35 75 50.931020 599 100
35 73 52.502673 361 100
35 60 75.542712 588 100
35 57 51.931409 612 100
35 55 79.149272 630 100
35 51 67.702809 633 100
36 90 95.782234 744 100
36 64 90.178201 321 100
36 59 70.421159 442 100
36 57 94.652991 263 100
36 48 89.564320 219 100
36 39 95.227943 565 100
37 88 60.070110 633 100
37 79 81.721580 675 100
37 73 76.573982 446 100
37 70 88.779439 176 100
37 68 87.993687 331 100
37 67 81.424626 165 100
37 63 91.783628 610 100
37 56 55.781058 679 100
37 54 74.154557 214 100
38 90 87.388321 589 100
38 83 68.925425 241 100
38 82 62.889162 512 100
38 78 72.618664 182 100
38 75 73.485415 323 100
38 72 73.962976 288 100
38 68 74.195785 164 100
38 63 60.641844 716 100
38 49 90.191516 415 100
38 41 66.402824 323 100
39 97 78.715609 192 100
39 90 55.569333 313 100
39 89 82.444482 704 100
39 81 60.953315 603 100
39 80 84.573224 499 100
39 56 79.464517 346 100
39 55 61.503479 271 100
39 48 65.967282 397 100
39 47 92.985345 562 100
40 73 51.539261 213 100
40 65 61.207921 548 100
40 60 73.708436 467 100
40 58 81.055525 678 100
40 57 62.215317 641 100
41 91 76.009624 398 100
41 88 90.492554 181 100
41 86 64.098842 747 100
41 83 83.853773 313 100
41 78 88.177534 428 100
41 61 75.608454 639 100
41 55 64.615050 466 100
42 84 93.834749 406 100
42 80 94.710496 725 100
42 64 56.096825 414 100
42 58 54.856876 220 100
43 91 83.361358 469 100
43 87 70.493289 481 100
43 82 93.721385 709 100
43 75 94.237150 268 100
43 66 75.577651 642 100
43 65 50.876593 420 100
44 95 63.148659 308 100
44 80 82.233183 462 100
44 79 66.542591 456 100
44 77 56.503300 567 100
44 76 70.037649 244 100
44 68 93.896788 234 100
44 67 73.269723 572 100
44 61 56.940419 201 100
44 58 99.780251 597 100
44 55 90.806566 668 100
45 92 70.592096 509 100
45 84 99.546169 373 100
45 77 79.268744 208 100
45 70 65.792787 170 100
45 67 76.135050 508 100
45 51 65.495309 675 100
46 79 73.011464 432 100
46 59 85.437062 430 100
46 53 57.840762 477 100
47 61 91.020537 638 100
47 56 77.479126 290 100
47 55 79.322837 747 100
47 54 72.389081 188 100
47 50 62.078403 222 100
48 91 54.566995 221 100
48 77 99.788330 607 100
48 72 70.086786 606 100
48 57 58.243221 397 100
48 55 86.018108 197 100
49 89 84.148545 456 100
49 80 71.336202 262 100
49 70 80.782807 306 100
49 64 53.839310 663 100
50 92 79.291171 403 100
50 73 61.147052 289 100
50 54 55.921354 615 100
50 51 89.950200 514 100
51 88 89.489442 601 100
51 75 96.724627 404 100
51 59 81.240949 378 100
51 55 87.353526 175 100
52 85 82.194470 577 100
52 78 63.620014 176 100
52 76 85.797747 581 100
52 72 84.264322 588 100
52 66 54.197503 444 100
52 58 71.968472 749 100
52 57 59.086727 188 100
53 98 93.315332 725 100
53 85 94.135168 346 100
53 65 87.993719 349 100
53 57 72.173187 548 100
54 96 69.381614 561 100
54 80 98.959708 709 100
54 69 99.146921 569 100
54 59 81.185215 513 100
54 58 86.991746 207 100
54 57 83.882544 162 100
55 98 57.182287 333 100
55 93 50.891678 502 100
55 74 71.862649 600 100
55 69 74.413593 544 100
56 85 94.944669 270 100
56 84 99.806986 533 100
56 80 60.430632 399 100
56 75 52.745544 663 100
56 66 89.181383 684 100
57 69 65.585414 622 100
57 65 63.087528 180 100
57 64 97.233534 309 100
58 97 97.017509 163 100
58 83 84.093889 357 100
58 62 80.221194 313 100
59 97 76.650694 515 100
59 95 69.841564 735 100
59 88 83.307585 276 100
59 74 75.949134 243 100
59 69 82.920322 180 100
59 67 72.049946 182 100
59 66 70.608278 344 100
59 62 92.883378 525 100
60 95 62.519692 582 100
60 91 74.692347 219 100
60 90 60.063415 720 100
60 89 93.903540 552 100
60 82 97.481020 248 100
60 80 94.391034 633 100
60 76 76.829889 692 100
61 87 95.882335 453 100
61 77 67.496905 736 100
61 69 53.802392 275 100
62 82 51.190074 168 100
63 78 50.632603 741 100
63 71 88.045383 200 100
64 81 52.644894 687 100
65 83 93.810082 326 100
65 79 75.799662 743 100
65 78 61.211024 566 100
65 73 99.580874 599 100
66 90 82.054537 380 100
66 87 67.777992 541 100
66 85 55.040372 309 100
66 81 95.338198 586 100
66 67 91.690968 339 100
67 97 64.419511 732 100
67 95 68.670102 544 100
67 86 78.904167 403 100
67 80 81.106892 372 100
67 72 68.691641 292 100
68 87 92.269427 215 100
68 86 98.209740 640 100
68 85 73.495743 344 100
68 75 79.115152 629 100
69 97 54.744491 532 100
69 96 54.313221 690 100
69 95 75.805161 236 100
69 94 61.393655 369 100
69 83 92.112853 549 100
69 76 69.913376 175 100
69 73 72.652508 485 100
69 72 98.994224 222 100
70 93 58.176899 391 100
70 85 71.911799 512 100
70 84 80.002957 272 100
70 82 52.091449 232 100
70 77 60.072421 710 100
71 97 52.553206 441 100
71 94 78.328155 174 100
71 87 70.344353 657 100
71 86 77.328472 505 100
72 85 64.651257 326 100
72 81 84.513379 577 100
73 93 61.715019 215 100
73 92 71.455340 696 100
73 83 63.137026 674 100
73 81 67.005015 517 100
74 98 98.289663 178 100
74 96 89.484549 724 100
74 94 78.254208 480 100
74 84 69.882636 575 100
75 92 81.037116 554 100
75 91 68.431312 649 100
75 82 63.185540 526 100
76 94 63.934363 452 100
76 83 99.393992 710 100
76 82 51.405284 332 100
76 77 82.828708 381 100
77 80 90.715193 185 100
78 83 70.388456 573 100
79 97 66.613094 509 100
79 96 99.290460 721 100
79 91 78.108456 725 100
79 88 56.483502 435 100
79 85 93.095827 422 100
80 96 66.046199 671 100
80 95 98.554656 290 100
80 87 56.489132 223 100
81 97 62.065878 230 100
81 96 56.455967 240 100
81 94 62.962320 435 100
82 85 79.736297 735 100
83 96 51.385992 333 100
83 91 93.145908 607 100
84 95 91.221126 447 100
85 98 50.855918 643 100
85 97 87.788939 246 100
85 95 58.516496 237 100
85 92 66.636212 246 100
86 99 80.085208 380 100
86 94 74.902646 356 100
87 93 73.974778 587 100
88 96 53.967351 735 100
90 98 58.771365 399 100
90 97 62.403018 424 100
90 96 61.267884 174 100
91 94 76.457730 411 100
92 98 82.834139 731 100
92 95 54.033274 500 100
93 98 65.895049 184 100
94 96 68.562235 461 100
94 95 77.065079 435 100
BPSK 12.5 3000
QPSK 25 1500
8QAM 37.5 750
16QAM 50 375
32QAM 62.5 94
64QAM 75 24
0
1
2
3
4
5
6
7
8
9
10
11
12
13
14
15
16
17
18
19
20
21
22
23
24
25
26
27
28
29
30
31
32
33
34
35
36
37
38
39
40
41
42
43
44
45
46
47
48
49
50
51
52
53
54
55
56
57
58
59
60
61
62
63
64
65
66
67
68
69
70
71
72
73
74
75
76
77
78
79
80
81
82
83
84
85
86
87
88
89
90
91
92
93
94
95
96
97
98
99
