0.3172666169072045   0.31403032723812885   0.31695188218020576   0.3151265160782941   0.31252890196321914   0.31745441586429024   0.0015014252749097068   
0.17972818514556366   0.17649189547648803   0.17941345041856493   0.1775880843166533   0.17499047020157832   0.17991598410264942   0.0015014252749097068   
5.557610583348804E-4   0.002680528610740751   2.4102633133615825E-4   0.0015843397705754825   0.004181953885650458   7.435600154206412E-4   3.147347269987222E-4   
4.765588009298938E-4   0.0037128484700055253   7.91293527928616E-4   0.0026166596298402567   0.005214273744915232   2.88759843844133E-4   1.8779895708576078E-4   
0.4980184031001045   0.49478211343102885   0.49770366837310576   0.4958783022711941   0.49328068815611914   0.49820620205719024   0.0015014252749097068   
7.920225740498665E-5   0.0010323198592647742   5.502671965924577E-4   0.0010323198592647742   0.0010323198592647742   4.548001715765082E-4   0.0   



0.3172666169072045   0.31403032723812885   0.31695188218020576   0.3151265160782941   0.31252890196321914   0.31745441586429024   0.0   
0.17972818514556366   0.17649189547648803   0.17941345041856493   0.1775880843166533   0.17499047020157832   0.17991598410264942   0.0010961888401652686   
5.557610583348804E-4   0.002680528610740751   2.4102633133615825E-4   0.0015843397705754825   0.004181953885650458   7.435600154206412E-4   3.147347269987222E-4   
4.765588009298938E-4   0.0037128484700055253   7.91293527928616E-4   0.0026166596298402567   0.005214273744915232   2.88759843844133E-4   1.8779895708576078E-4   
0.4980184031001045   0.49478211343102885   0.49770366837310576   0.4958783022711941   0.49328068815611914   0.49820620205719024   0.0010961888401652686   
7.920225740498665E-5   0.0010323198592647742   5.502671965924577E-4   0.0010323198592647742   0.0   4.548001715765082E-4   0.0   



0.3172666169072045   0.31403032723812885   0.31695188218020576   0.3151265160782941   0.31252890196321914   0.31745441586429024   0.0   
0.17972818514556366   0.17649189547648803   0.17941345041856493   0.1775880843166533   0.17499047020157832   0.17991598410264942   0.0010961888401652686   
5.557610583348804E-4   0.002680528610740751   2.4102633133615825E-4   0.0015843397705754825   0.004181953885650458   7.435600154206412E-4   0.0   
4.765588009298938E-4   0.0037128484700055253   7.91293527928616E-4   0.0026166596298402567   0.005214273744915232   2.88759843844133E-4   1.8779895708576078E-4   
0.4980184031001045   0.49478211343102885   0.49770366837310576   0.4958783022711941   0.49328068815611914   0.49820620205719024   0.0010961888401652686   
0.17925162634463376   0.1727790470064825   0.0   0.17497142468681304   0.0   0.17962722425880528   0.0   



0.3172666169072045   0.31403032723812885   0.31695188218020576   0.3151265160782941   0.31252890196321914   0.31745441586429024   0.0   
0.17972818514556366   0.17649189547648803   0.17941345041856493   0.1775880843166533   0.17499047020157832   0.17991598410264942   0.002140100828910363   
5.557610583348804E-4   0.002680528610740751   2.4102633133615825E-4   0.0015843397705754825   0.004181953885650458   7.435600154206412E-4   0.0   
4.765588009298938E-4   0.0037128484700055253   7.91293527928616E-4   0.0026166596298402567   0.005214273744915232   2.88759843844133E-4   1.8779895708576078E-4   
0.4980184031001045   0.49478211343102885   0.49770366837310576   0.4958783022711941   0.49328068815611914   0.49820620205719024   0.0   
0.17925162634463376   0.0   0.0   0.17497142468681304   0.0   0.17962722425880528   0.0   



0.3172666169072045   0.31403032723812885   0.31695188218020576   0.3151265160782941   0.31252890196321914   0.31745441586429024   0.0   
0.17972818514556366   0.17649189547648803   0.17941345041856493   0.1775880843166533   0.17499047020157832   0.17991598410264942   0.0   
5.557610583348804E-4   0.002680528610740751   2.4102633133615825E-4   0.0015843397705754825   0.004181953885650458   7.435600154206412E-4   0.0   
4.765588009298938E-4   0.0037128484700055253   7.91293527928616E-4   0.0026166596298402567   0.005214273744915232   2.88759843844133E-4   1.8779895708576078E-4   
0.4980184031001045   0.49478211343102885   0.49770366837310576   0.4958783022711941   0.49328068815611914   0.49820620205719024   0.0   
0.0   0.0   0.0   0.0   0.0   0.0   0.0   



0.3172666169072045   0.31403032723812885   0.31695188218020576   0.3151265160782941   0.31252890196321914   0.31745441586429024   0.0015014252749097068   
0.17972818514556366   0.17649189547648803   0.17941345041856493   0.1775880843166533   0.17499047020157832   0.17991598410264942   0.0015014252749097068   
5.557610583348804E-4   0.002680528610740751   2.4102633133615825E-4   0.0015843397705754825   0.004181953885650458   7.435600154206412E-4   3.147347269987222E-4   
4.765588009298938E-4   0.0037128484700055253   7.91293527928616E-4   0.0026166596298402567   0.005214273744915232   2.88759843844133E-4   1.8779895708576078E-4   
0.4980184031001045   0.49478211343102885   0.49770366837310576   0.4958783022711941   0.49328068815611914   0.49820620205719024   0.0015014252749097068   
7.920225740498665E-5   0.0010323198592647742   5.502671965924577E-4   0.0010323198592647742   0.0010323198592647742   4.548001715765082E-4   0.0   



0.3172666169072045   0.31403032723812885   0.31695188218020576   0.3151265160782941   0.31252890196321914   0.31745441586429024   0.0   
0.17972818514556366   0.17649189547648803   0.17941345041856493   0.1775880843166533   0.17499047020157832   0.17991598410264942   0.0010961888401652686   
5.557610583348804E-4   0.002680528610740751   2.4102633133615825E-4   0.0015843397705754825   0.004181953885650458   7.435600154206412E-4   3.147347269987222E-4   
4.765588009298938E-4   0.0037128484700055253   7.91293527928616E-4   0.0026166596298402567   0.005214273744915232   2.88759843844133E-4   1.8779895708576078E-4   
0.4980184031001045   0.49478211343102885   0.49770366837310576   0.4958783022711941   0.49328068815611914   0.49820620205719024   0.0010961888401652686   
7.920225740498665E-5   0.0010323198592647742   5.502671965924577E-4   0.0010323198592647742   0.0   4.548001715765082E-4   0.0   



0.3172666169072045   0.31403032723812885   0.31695188218020576   0.3151265160782941   0.31252890196321914   0.31745441586429024   0.0   
0.17972818514556366   0.17649189547648803   0.17941345041856493   0.1775880843166533   0.17499047020157832   0.17991598410264942   0.0010961888401652686   
5.557610583348804E-4   0.002680528610740751   2.4102633133615825E-4   0.0015843397705754825   0.004181953885650458   7.435600154206412E-4   0.0   
4.765588009298938E-4   0.0037128484700055253   7.91293527928616E-4   0.0026166596298402567   0.005214273744915232   2.88759843844133E-4   1.8779895708576078E-4   
0.4980184031001045   0.49478211343102885   0.49770366837310576   0.4958783022711941   0.49328068815611914   0.49820620205719024   0.0010961888401652686   
0.17925162634463376   0.1727790470064825   0.0   0.17497142468681304   0.0   0.17962722425880528   0.0   



0.3172666169072045   0.31403032723812885   0.31695188218020576   0.3151265160782941   0.31252890196321914   0.31745441586429024   0.0   
0.17972818514556366   0.17649189547648803   0.17941345041856493   0.1775880843166533   0.17499047020157832   0.17991598410264942   0.002140100828910363   
5.557610583348804E-4   0.002680528610740751   2.4102633133615825E-4   0.0015843397705754825   0.004181953885650458   7.435600154206412E-4   0.0   
4.765588009298938E-4   0.0037128484700055253   7.91293527928616E-4   0.0026166596298402567   0.005214273744915232   2.88759843844133E-4   1.8779895708576078E-4   
0.4980184031001045   0.49478211343102885   0.49770366837310576   0.4958783022711941   0.49328068815611914   0.49820620205719024   0.0   
0.17925162634463376   0.0   0.0   0.17497142468681304   0.0   0.17962722425880528   0.0   



0.3172666169072045   0.31403032723812885   0.31695188218020576   0.3151265160782941   0.31252890196321914   0.31745441586429024   0.0   
0.17972818514556366   0.17649189547648803   0.17941345041856493   0.1775880843166533   0.17499047020157832   0.17991598410264942   0.0   
5.557610583348804E-4   0.002680528610740751   2.4102633133615825E-4   0.0015843397705754825   0.004181953885650458   7.435600154206412E-4   0.0   
4.765588009298938E-4   0.0037128484700055253   7.91293527928616E-4   0.0026166596298402567   0.005214273744915232   2.88759843844133E-4   1.8779895708576078E-4   
0.4980184031001045   0.49478211343102885   0.49770366837310576   0.4958783022711941   0.49328068815611914   0.49820620205719024   0.0   
0.0   0.0   0.0   0.0   0.0   0.0   0.0   



0.3172666169072045   0.31403032723812885   0.31695188218020576   0.3151265160782941   0.31252890196321914   0.31745441586429024   0.0015014252749097068   
0.17972818514556366   0.17649189547648803   0.17941345041856493   0.1775880843166533   0.17499047020157832   0.17991598410264942   0.0015014252749097068   
5.557610583348804E-4   0.002680528610740751   2.4102633133615825E-4   0.0015843397705754825   0.004181953885650458   7.435600154206412E-4   3.147347269987222E-4   
4.765588009298938E-4   0.0037128484700055253   7.91293527928616E-4   0.0026166596298402567   0.005214273744915232   2.88759843844133E-4   1.8779895708576078E-4   
0.4980184031001045   0.49478211343102885   0.49770366837310576   0.4958783022711941   0.49328068815611914   0.49820620205719024   0.0015014252749097068   
7.920225740498665E-5   0.0010323198592647742   5.502671965924577E-4   0.0010323198592647742   0.0010323198592647742   4.548001715765082E-4   0.0   



0.3172666169072045   0.31403032723812885   0.31695188218020576   0.3151265160782941   0.31252890196321914   0.31745441586429024   0.0   
0.17972818514556366   0.17649189547648803   0.17941345041856493   0.1775880843166533   0.17499047020157832   0.17991598410264942   0.0010961888401652686   
5.557610583348804E-4   0.002680528610740751   2.4102633133615825E-4   0.0015843397705754825   0.004181953885650458   7.435600154206412E-4   3.147347269987222E-4   
4.765588009298938E-4   0.0037128484700055253   7.91293527928616E-4   0.0026166596298402567   0.005214273744915232   2.88759843844133E-4   1.8779895708576078E-4   
0.4980184031001045   0.49478211343102885   0.49770366837310576   0.4958783022711941   0.49328068815611914   0.49820620205719024   0.0010961888401652686   
7.920225740498665E-5   0.0010323198592647742   5.502671965924577E-4   0.0010323198592647742   0.0   4.548001715765082E-4   0.0   



0.3172666169072045   0.31403032723812885   0.31695188218020576   0.3151265160782941   0.31252890196321914   0.31745441586429024   0.0   
0.17972818514556366   0.17649189547648803   0.17941345041856493   0.1775880843166533   0.17499047020157832   0.17991598410264942   0.0010961888401652686   
5.557610583348804E-4   0.002680528610740751   2.4102633133615825E-4   0.0015843397705754825   0.004181953885650458   7.435600154206412E-4   0.0   
4.765588009298938E-4   0.0037128484700055253   7.91293527928616E-4   0.0026166596298402567   0.005214273744915232   2.88759843844133E-4   1.8779895708576078E-4   
0.4980184031001045   0.49478211343102885   0.49770366837310576   0.4958783022711941   0.49328068815611914   0.49820620205719024   0.0010961888401652686   
0.17925162634463376   0.1727790470064825   0.0   0.17497142468681304   0.0   0.17962722425880528   0.0   



0.3172666169072045   0.31403032723812885   0.31695188218020576   0.3151265160782941   0.31252890196321914   0.31745441586429024   0.0   
0.17972818514556366   0.17649189547648803   0.17941345041856493   0.1775880843166533   0.17499047020157832   0.17991598410264942   0.002140100828910363   
5.557610583348804E-4   0.002680528610740751   2.4102633133615825E-4   0.0015843397705754825   0.004181953885650458   7.435600154206412E-4   0.0   
4.765588009298938E-4   0.0037128484700055253   7.91293527928616E-4   0.0026166596298402567   0.005214273744915232   2.88759843844133E-4   1.8779895708576078E-4   
0.4980184031001045   0.49478211343102885   0.49770366837310576   0.4958783022711941   0.49328068815611914   0.49820620205719024   0.0   
0.17925162634463376   0.0   0.0   0.17497142468681304   0.0   0.17962722425880528   0.0   



0.3172666169072045   0.31403032723812885   0.31695188218020576   0.3151265160782941   0.31252890196321914   0.31745441586429024   0.0   
0.17972818514556366   0.17649189547648803   0.17941345041856493   0.1775880843166533   0.17499047020157832   0.17991598410264942   0.0   
5.557610583348804E-4   0.002680528610740751   2.4102633133615825E-4   0.0015843397705754825   0.004181953885650458   7.435600154206412E-4   0.0   
4.765588009298938E-4   0.0037128484700055253   7.91293527928616E-4   0.0026166596298402567   0.005214273744915232   2.88759843844133E-4   1.8779895708576078E-4   
0.4980184031001045   0.49478211343102885   0.49770366837310576   0.4958783022711941   0.49328068815611914   0.49820620205719024   0.0   
0.0   0.0   0.0   0.0   0.0   0.0   0.0   



0.3172666169072045   0.31403032723812885   0.31695188218020576   0.3151265160782941   0.31252890196321914   0.31745441586429024   0.0015014252749097068   
0.17972818514556366   0.17649189547648803   0.17941345041856493   0.1775880843166533   0.17499047020157832   0.17991598410264942   0.0015014252749097068   
5.557610583348804E-4   0.002680528610740751   2.4102633133615825E-4   0.0015843397705754825   0.004181953885650458   7.435600154206412E-4   3.147347269987222E-4   
4.765588009298938E-4   0.0037128484700055253   7.91293527928616E-4   0.0026166596298402567   0.005214273744915232   2.88759843844133E-4   1.8779895708576078E-4   
0.4980184031001045   0.49478211343102885   0.49770366837310576   0.4958783022711941   0.49328068815611914   0.49820620205719024   0.0015014252749097068   
7.920225740498665E-5   0.0010323198592647742   5.502671965924577E-4   0.0010323198592647742   0.0010323198592647742   4.548001715765082E-4   0.0   



0.3172666169072045   0.31403032723812885   0.31695188218020576   0.3151265160782941   0.31252890196321914   0.31745441586429024   0.0   
0.17972818514556366   0.17649189547648803   0.17941345041856493   0.1775880843166533   0.17499047020157832   0.17991598410264942   0.0010961888401652686   
5.557610583348804E-4   0.002680528610740751   2.4102633133615825E-4   0.0015843397705754825   0.004181953885650458   7.435600154206412E-4   3.147347269987222E-4   
4.765588009298938E-4   0.0037128484700055253   7.91293527928616E-4   0.0026166596298402567   0.005214273744915232   2.88759843844133E-4   1.8779895708576078E-4   
0.4980184031001045   0.49478211343102885   0.49770366837310576   0.4958783022711941   0.49328068815611914   0.49820620205719024   0.0010961888401652686   
7.920225740498665E-5   0.0010323198592647742   5.502671965924577E-4   0.0010323198592647742   0.0   4.548001715765082E-4   0.0   



0.3172666169072045   0.31403032723812885   0.31695188218020576   0.3151265160782941   0.31252890196321914   0.31745441586429024   0.0   
0.17972818514556366   0.17649189547648803   0.17941345041856493   0.1775880843166533   0.17499047020157832   0.17991598410264942   0.0010961888401652686   
5.557610583348804E-4   0.002680528610740751   2.4102633133615825E-4   0.0015843397705754825   0.004181953885650458   7.435600154206412E-4   0.0   
4.765588009298938E-4   0.0037128484700055253   7.91293527928616E-4   0.0026166596298402567   0.005214273744915232   2.88759843844133E-4   1.8779895708576078E-4   
0.4980184031001045   0.49478211343102885   0.49770366837310576   0.4958783022711941   0.49328068815611914   0.49820620205719024   0.0010961888401652686   
0.17925162634463376   0.1727790470064825   0.0   0.17497142468681304   0.0   0.17962722425880528   0.0   



0.3172666169072045   0.31403032723812885   0.31695188218020576   0.3151265160782941   0.31252890196321914   0.31745441586429024   0.0   
0.17972818514556366   0.17649189547648803   0.17941345041856493   0.1775880843166533   0.17499047020157832   0.17991598410264942   0.002140100828910363   
5.557610583348804E-4   0.002680528610740751   2.4102633133615825E-4   0.0015843397705754825   0.004181953885650458   7.435600154206412E-4   0.0   
4.765588009298938E-4   0.0037128484700055253   7.91293527928616E-4   0.0026166596298402567   0.005214273744915232   2.88759843844133E-4   1.8779895708576078E-4   
0.4980184031001045   0.49478211343102885   0.49770366837310576   0.4958783022711941   0.49328068815611914   0.49820620205719024   0.0   
0.17925162634463376   0.0   0.0   0.17497142468681304   0.0   0.17962722425880528   0.0   



0.3172666169072045   0.31403032723812885   0.31695188218020576   0.3151265160782941   0.31252890196321914   0.31745441586429024   0.0   
0.17972818514556366   0.17649189547648803   0.17941345041856493   0.1775880843166533   0.17499047020157832   0.17991598410264942   0.0   
5.557610583348804E-4   0.002680528610740751   2.4102633133615825E-4   0.0015843397705754825   0.004181953885650458   7.435600154206412E-4   0.0   
4.765588009298938E-4   0.0037128484700055253   7.91293527928616E-4   0.0026166596298402567   0.005214273744915232   2.88759843844133E-4   1.8779895708576078E-4   
0.4980184031001045   0.49478211343102885   0.49770366837310576   0.4958783022711941   0.49328068815611914   0.49820620205719024   0.0   
0.0   0.0   0.0   0.0   0.0   0.0   0.0   



0.3172666169072045   0.31403032723812885   0.31695188218020576   0.3151265160782941   0.31252890196321914   0.31745441586429024   0.0015014252749097068   
0.17972818514556366   0.17649189547648803   0.17941345041856493   0.1775880843166533   0.17499047020157832   0.17991598410264942   0.0015014252749097068   
5.557610583348804E-4   0.002680528610740751   2.4102633133615825E-4   0.0015843397705754825   0.004181953885650458   7.435600154206412E-4   3.147347269987222E-4   
4.765588009298938E-4   0.0037128484700055253   7.91293527928616E-4   0.0026166596298402567   0.005214273744915232   2.88759843844133E-4   1.8779895708576078E-4   
0.4980184031001045   0.49478211343102885   0.49770366837310576   0.4958783022711941   0.49328068815611914   0.49820620205719024   0.0015014252749097068   
7.920225740498665E-5   0.0010323198592647742   5.502671965924577E-4   0.0010323198592647742   0.0010323198592647742   4.548001715765082E-4   0.0   



0.3172666169072045   0.31403032723812885   0.31695188218020576   0.3151265160782941   0.31252890196321914   0.31745441586429024   0.0   
0.17972818514556366   0.17649189547648803   0.17941345041856493   0.1775880843166533   0.17499047020157832   0.17991598410264942   0.0010961888401652686   
5.557610583348804E-4   0.002680528610740751   2.4102633133615825E-4   0.0015843397705754825   0.004181953885650458   7.435600154206412E-4   3.147347269987222E-4   
4.765588009298938E-4   0.0037128484700055253   7.91293527928616E-4   0.0026166596298402567   0.005214273744915232   2.88759843844133E-4   1.8779895708576078E-4   
0.4980184031001045   0.49478211343102885   0.49770366837310576   0.4958783022711941   0.49328068815611914   0.49820620205719024   0.0010961888401652686   
7.920225740498665E-5   0.0010323198592647742   5.502671965924577E-4   0.0010323198592647742   0.0   4.548001715765082E-4   0.0   



0.3172666169072045   0.31403032723812885   0.31695188218020576   0.3151265160782941   0.31252890196321914   0.31745441586429024   0.0   
0.17972818514556366   0.17649189547648803   0.17941345041856493   0.1775880843166533   0.17499047020157832   0.17991598410264942   0.0010961888401652686   
5.557610583348804E-4   0.002680528610740751   2.4102633133615825E-4   0.0015843397705754825   0.004181953885650458   7.435600154206412E-4   0.0   
4.765588009298938E-4   0.0037128484700055253   7.91293527928616E-4   0.0026166596298402567   0.005214273744915232   2.88759843844133E-4   1.8779895708576078E-4   
0.4980184031001045   0.49478211343102885   0.49770366837310576   0.4958783022711941   0.49328068815611914   0.49820620205719024   0.0010961888401652686   
0.17925162634463376   0.1727790470064825   0.0   0.17497142468681304   0.0   0.17962722425880528   0.0   



0.3172666169072045   0.31403032723812885   0.31695188218020576   0.3151265160782941   0.31252890196321914   0.31745441586429024   0.0   
0.17972818514556366   0.17649189547648803   0.17941345041856493   0.1775880843166533   0.17499047020157832   0.17991598410264942   0.002140100828910363   
5.557610583348804E-4   0.002680528610740751   2.4102633133615825E-4   0.0015843397705754825   0.004181953885650458   7.435600154206412E-4   0.0   
4.765588009298938E-4   0.0037128484700055253   7.91293527928616E-4   0.0026166596298402567   0.005214273744915232   2.88759843844133E-4   1.8779895708576078E-4   
0.4980184031001045   0.49478211343102885   0.49770366837310576   0.4958783022711941   0.49328068815611914   0.49820620205719024   0.0   
0.17925162634463376   0.0   0.0   0.17497142468681304   0.0   0.17962722425880528   0.0   



0.3172666169072045   0.31403032723812885   0.31695188218020576   0.3151265160782941   0.31252890196321914   0.31745441586429024   0.0   
0.17972818514556366   0.17649189547648803   0.17941345041856493   0.1775880843166533   0.17499047020157832   0.17991598410264942   0.0   
5.557610583348804E-4   0.002680528610740751   2.4102633133615825E-4   0.0015843397705754825   0.004181953885650458   7.435600154206412E-4   0.0   
4.765588009298938E-4   0.0037128484700055253   7.91293527928616E-4   0.0026166596298402567   0.005214273744915232   2.88759843844133E-4   1.8779895708576078E-4   
0.4980184031001045   0.49478211343102885   0.49770366837310576   0.4958783022711941   0.49328068815611914   0.49820620205719024   0.0   
0.0   0.0   0.0   0.0   0.0   0.0   0.0   



