0.31729261164633726   0.31425344542253697   0.31712056072848327   0.3156165691834758   0.3133612294751629   0.3176924120282081   8.922159473740976E-4   
0.17975417988469644   0.17671501366089615   0.17958212896684245   0.17807813742183498   0.17582279771352205   0.18015398026656726   8.922159473740976E-4   
5.817557974676646E-4   0.002457410426332629   4.097048796136704E-4   0.0010942866653937955   0.0033496263737067267   9.81556179338483E-4   1.7205091785399418E-4   
4.505640617971096E-4   0.0034897302855974033   6.226149796511038E-4   0.0021266065246585697   0.004381946232971501   5.076367992629116E-5   3.5894119968737925E-4   
0.49804439783923726   0.49500523161543697   0.49787234692138327   0.4963683553763758   0.49411301566806287   0.4984441982211081   3.5894119968737925E-4   
1.3119173567055498E-4   1.3119173567055498E-4   4.08591821834392E-5   4.08591821834392E-5   4.08591821834392E-5   3.5894119968737925E-4   0.0   



0.31729261164633726   0.31425344542253697   0.31712056072848327   0.3156165691834758   0.3133612294751629   0.3176924120282081   0.0   
0.17975417988469644   0.17671501366089615   0.17958212896684245   0.17807813742183498   0.17582279771352205   0.18015398026656726   0.0013631237609388336   
5.817557974676646E-4   0.002457410426332629   4.097048796136704E-4   0.0010942866653937955   0.0033496263737067267   9.81556179338483E-4   1.7205091785399418E-4   
4.505640617971096E-4   0.0034897302855974033   6.226149796511038E-4   0.0021266065246585697   0.004381946232971501   5.076367992629116E-5   3.5894119968737925E-4   
0.49804439783923726   0.49500523161543697   0.49787234692138327   0.4963683553763758   0.49411301566806287   0.4984441982211081   3.5894119968737925E-4   
1.3119173567055498E-4   1.3119173567055498E-4   4.08591821834392E-5   4.08591821834392E-5   4.08591821834392E-5   3.5894119968737925E-4   0.0   



0.31729261164633726   0.31425344542253697   0.31712056072848327   0.3156165691834758   0.3133612294751629   0.3176924120282081   0.0   
0.17975417988469644   0.17671501366089615   0.17958212896684245   0.17807813742183498   0.17582279771352205   0.18015398026656726   0.0013631237609388336   
5.817557974676646E-4   0.002457410426332629   4.097048796136704E-4   0.0010942866653937955   0.0033496263737067267   9.81556179338483E-4   0.0013631237609388336   
4.505640617971096E-4   0.0034897302855974033   6.226149796511038E-4   0.0021266065246585697   0.004381946232971501   5.076367992629116E-5   3.9980038187081846E-4   
0.49804439783923726   0.49500523161543697   0.49787234692138327   0.4963683553763758   0.49411301566806287   0.4984441982211081   3.9980038187081846E-4   
0.17930361582289933   0.0030391662238002937   0.0030391662238002937   0.00167604246286146   0.00167604246286146   3.9980038187081846E-4   0.0   



0.31729261164633726   0.31425344542253697   0.31712056072848327   0.3156165691834758   0.3133612294751629   0.3176924120282081   0.0   
0.17975417988469644   0.17671501366089615   0.17958212896684245   0.17807813742183498   0.17582279771352205   0.18015398026656726   0.00167604246286146   
5.817557974676646E-4   0.002457410426332629   4.097048796136704E-4   0.0010942866653937955   0.0033496263737067267   9.81556179338483E-4   0.00167604246286146   
4.505640617971096E-4   0.0034897302855974033   6.226149796511038E-4   0.0021266065246585697   0.004381946232971501   5.076367992629116E-5   3.9980038187081846E-4   
0.49804439783923726   0.49500523161543697   0.49787234692138327   0.4963683553763758   0.49411301566806287   0.4984441982211081   3.9980038187081846E-4   
0.17930361582289933   0.17930361582289933   0.17930361582289933   0.00167604246286146   0.00167604246286146   3.9980038187081846E-4   0.0   



0.31729261164633726   0.31425344542253697   0.31712056072848327   0.3156165691834758   0.3133612294751629   0.3176924120282081   0.0   
0.17975417988469644   0.17671501366089615   0.17958212896684245   0.17807813742183498   0.17582279771352205   0.18015398026656726   0.0   
5.817557974676646E-4   0.002457410426332629   4.097048796136704E-4   0.0010942866653937955   0.0033496263737067267   9.81556179338483E-4   0.0   
4.505640617971096E-4   0.0034897302855974033   6.226149796511038E-4   0.0021266065246585697   0.004381946232971501   5.076367992629116E-5   3.9980038187081846E-4   
0.49804439783923726   0.49500523161543697   0.49787234692138327   0.4963683553763758   0.49411301566806287   0.4984441982211081   3.9980038187081846E-4   
0.0   0.0   0.0   0.0   0.0   3.9980038187081846E-4   0.0   



0.31729261164633726   0.31425344542253697   0.31712056072848327   0.3156165691834758   0.3133612294751629   0.3176924120282081   8.922159473740976E-4   
0.17975417988469644   0.17671501366089615   0.17958212896684245   0.17807813742183498   0.17582279771352205   0.18015398026656726   8.922159473740976E-4   
5.817557974676646E-4   0.002457410426332629   4.097048796136704E-4   0.0010942866653937955   0.0033496263737067267   9.81556179338483E-4   1.7205091785399418E-4   
4.505640617971096E-4   0.0034897302855974033   6.226149796511038E-4   0.0021266065246585697   0.004381946232971501   5.076367992629116E-5   3.5894119968737925E-4   
0.49804439783923726   0.49500523161543697   0.49787234692138327   0.4963683553763758   0.49411301566806287   0.4984441982211081   3.5894119968737925E-4   
1.3119173567055498E-4   1.3119173567055498E-4   4.08591821834392E-5   4.08591821834392E-5   4.08591821834392E-5   3.5894119968737925E-4   0.0   



0.31729261164633726   0.31425344542253697   0.31712056072848327   0.3156165691834758   0.3133612294751629   0.3176924120282081   0.0   
0.17975417988469644   0.17671501366089615   0.17958212896684245   0.17807813742183498   0.17582279771352205   0.18015398026656726   0.0013631237609388336   
5.817557974676646E-4   0.002457410426332629   4.097048796136704E-4   0.0010942866653937955   0.0033496263737067267   9.81556179338483E-4   1.7205091785399418E-4   
4.505640617971096E-4   0.0034897302855974033   6.226149796511038E-4   0.0021266065246585697   0.004381946232971501   5.076367992629116E-5   3.5894119968737925E-4   
0.49804439783923726   0.49500523161543697   0.49787234692138327   0.4963683553763758   0.49411301566806287   0.4984441982211081   3.5894119968737925E-4   
1.3119173567055498E-4   1.3119173567055498E-4   4.08591821834392E-5   4.08591821834392E-5   4.08591821834392E-5   3.5894119968737925E-4   0.0   



0.31729261164633726   0.31425344542253697   0.31712056072848327   0.3156165691834758   0.3133612294751629   0.3176924120282081   0.0   
0.17975417988469644   0.17671501366089615   0.17958212896684245   0.17807813742183498   0.17582279771352205   0.18015398026656726   0.0013631237609388336   
5.817557974676646E-4   0.002457410426332629   4.097048796136704E-4   0.0010942866653937955   0.0033496263737067267   9.81556179338483E-4   0.0013631237609388336   
4.505640617971096E-4   0.0034897302855974033   6.226149796511038E-4   0.0021266065246585697   0.004381946232971501   5.076367992629116E-5   3.9980038187081846E-4   
0.49804439783923726   0.49500523161543697   0.49787234692138327   0.4963683553763758   0.49411301566806287   0.4984441982211081   3.9980038187081846E-4   
0.17930361582289933   0.0030391662238002937   0.0030391662238002937   0.00167604246286146   0.00167604246286146   3.9980038187081846E-4   0.0   



0.31729261164633726   0.31425344542253697   0.31712056072848327   0.3156165691834758   0.3133612294751629   0.3176924120282081   0.0   
0.17975417988469644   0.17671501366089615   0.17958212896684245   0.17807813742183498   0.17582279771352205   0.18015398026656726   0.00167604246286146   
5.817557974676646E-4   0.002457410426332629   4.097048796136704E-4   0.0010942866653937955   0.0033496263737067267   9.81556179338483E-4   0.00167604246286146   
4.505640617971096E-4   0.0034897302855974033   6.226149796511038E-4   0.0021266065246585697   0.004381946232971501   5.076367992629116E-5   3.9980038187081846E-4   
0.49804439783923726   0.49500523161543697   0.49787234692138327   0.4963683553763758   0.49411301566806287   0.4984441982211081   3.9980038187081846E-4   
0.17930361582289933   0.17930361582289933   0.17930361582289933   0.00167604246286146   0.00167604246286146   3.9980038187081846E-4   0.0   



0.31729261164633726   0.31425344542253697   0.31712056072848327   0.3156165691834758   0.3133612294751629   0.3176924120282081   0.0   
0.17975417988469644   0.17671501366089615   0.17958212896684245   0.17807813742183498   0.17582279771352205   0.18015398026656726   0.0   
5.817557974676646E-4   0.002457410426332629   4.097048796136704E-4   0.0010942866653937955   0.0033496263737067267   9.81556179338483E-4   0.0   
4.505640617971096E-4   0.0034897302855974033   6.226149796511038E-4   0.0021266065246585697   0.004381946232971501   5.076367992629116E-5   3.9980038187081846E-4   
0.49804439783923726   0.49500523161543697   0.49787234692138327   0.4963683553763758   0.49411301566806287   0.4984441982211081   3.9980038187081846E-4   
0.0   0.0   0.0   0.0   0.0   3.9980038187081846E-4   0.0   



