0.3174158570916461   0.31395455960387153   0.3170505704131301   0.3149835226632831   0.31250112038458155   0.31745303171786077   0.0014534392192899759   
0.17987742533000528   0.1764161278422307   0.1795121386514893   0.1774450909016423   0.17496268862294073   0.17991459995621994   0.0014534392192899759   
7.05001242776504E-4   0.002756296244998069   3.3971456426051816E-4   0.0017273331855864882   0.004209735464288045   7.421758689911684E-4   3.6528667851598584E-4   
3.273186164882702E-4   0.003788616104262843   6.92605295004256E-4   0.0027596530448512624   0.005242055323552819   2.901439902736058E-4   3.7174626214664386E-5   
0.4981676432845461   0.49470634579677153   0.4978023566060301   0.4957353088561831   0.49325290657748155   0.49820481791076077   3.7174626214664386E-5   
3.776826262882338E-4   3.776826262882338E-4   1.239594777224795E-5   1.239594777224795E-5   1.239594777224795E-5   3.7174626214664386E-5   0.0   



0.3174158570916461   0.31395455960387153   0.3170505704131301   0.3149835226632831   0.31250112038458155   0.31745303171786077   0.0   
0.17987742533000528   0.1764161278422307   0.1795121386514893   0.1774450909016423   0.17496268862294073   0.17991459995621994   0.0010289630594115806   
7.05001242776504E-4   0.002756296244998069   3.3971456426051816E-4   0.0017273331855864882   0.004209735464288045   7.421758689911684E-4   3.6528667851598584E-4   
3.273186164882702E-4   0.003788616104262843   6.92605295004256E-4   0.0027596530448512624   0.005242055323552819   2.901439902736058E-4   3.7174626214664386E-5   
0.4981676432845461   0.49470634579677153   0.4978023566060301   0.4957353088561831   0.49325290657748155   0.49820481791076077   3.7174626214664386E-5   
3.776826262882338E-4   3.776826262882338E-4   1.239594777224795E-5   1.239594777224795E-5   1.239594777224795E-5   3.7174626214664386E-5   0.0   



0.3174158570916461   0.31395455960387153   0.3170505704131301   0.3149835226632831   0.31250112038458155   0.31745303171786077   0.0   
0.17987742533000528   0.1764161278422307   0.1795121386514893   0.1774450909016423   0.17496268862294073   0.17991459995621994   0.0010289630594115806   
7.05001242776504E-4   0.002756296244998069   3.3971456426051816E-4   0.0017273331855864882   0.004209735464288045   7.421758689911684E-4   0.0010289630594115806   
3.273186164882702E-4   0.003788616104262843   6.92605295004256E-4   0.0027596530448512624   0.005242055323552819   2.901439902736058E-4   3.7174626214664386E-5   
0.4981676432845461   0.49470634579677153   0.4978023566060301   0.4957353088561831   0.49325290657748155   0.49820481791076077   3.7174626214664386E-5   
0.179550106713517   0.003461297487774573   0.003461297487774573   0.002432334428362992   0.002432334428362992   3.7174626214664386E-5   0.0   



0.3174158570916461   0.31395455960387153   0.3170505704131301   0.3149835226632831   0.31250112038458155   0.31745303171786077   0.0   
0.17987742533000528   0.1764161278422307   0.1795121386514893   0.1774450909016423   0.17496268862294073   0.17991459995621994   0.002432334428362992   
7.05001242776504E-4   0.002756296244998069   3.3971456426051816E-4   0.0017273331855864882   0.004209735464288045   7.421758689911684E-4   0.002432334428362992   
3.273186164882702E-4   0.003788616104262843   6.92605295004256E-4   0.0027596530448512624   0.005242055323552819   2.901439902736058E-4   3.7174626214664386E-5   
0.4981676432845461   0.49470634579677153   0.4978023566060301   0.4957353088561831   0.49325290657748155   0.49820481791076077   3.7174626214664386E-5   
0.179550106713517   0.179550106713517   0.179550106713517   0.002432334428362992   0.002432334428362992   3.7174626214664386E-5   0.0   



0.3174158570916461   0.31395455960387153   0.3170505704131301   0.3149835226632831   0.31250112038458155   0.31745303171786077   0.0   
0.17987742533000528   0.1764161278422307   0.1795121386514893   0.1774450909016423   0.17496268862294073   0.17991459995621994   0.0   
7.05001242776504E-4   0.002756296244998069   3.3971456426051816E-4   0.0017273331855864882   0.004209735464288045   7.421758689911684E-4   0.0   
3.273186164882702E-4   0.003788616104262843   6.92605295004256E-4   0.0027596530448512624   0.005242055323552819   2.901439902736058E-4   3.7174626214664386E-5   
0.4981676432845461   0.49470634579677153   0.4978023566060301   0.4957353088561831   0.49325290657748155   0.49820481791076077   3.7174626214664386E-5   
0.0   0.0   0.0   0.0   0.0   3.7174626214664386E-5   0.0   



