..\reqs\reqs-erl100-50-125-6\reqs-erl100-10-50-50-125-5000-6-1 index : 4765Vogel:0to4 cpu: 27.668751 GHG:161404.7532426    min:3to5 cpu: 36.914275 GHG:324316.731965
0.13378839592459713   0.13074922970079683   0.13361634500674313   0.13211235346173567   0.12985701375342273   0.13418819630646794   8.922159473740976E-4   
0.3632465926150985   0.3602074263912982   0.3630745416972445   0.36157055015223705   0.3593152104439241   0.3636463929969693   8.922159473740976E-4   
5.748694630836049E-4   0.0036140356868838985   7.46920380937599E-4   0.002250911925945065   0.004506251634257996   1.7506908121278641E-4   3.9980038187081846E-4   
4.3969590113235313E-4   0.003478862124932647   6.117468189863473E-4   0.002115738363993813   0.004371078072306744   3.989551926153467E-5   1.3517356195125174E-4   
0.4992203687876895   0.4961812025638892   0.4990483178698355   0.49754432632482803   0.4952889866165151   0.4996201691695603   1.3517356195125174E-4   
1.3517356195125174E-4   1.3517356195125174E-4   1.3517356195125174E-4   1.3517356195125174E-4   1.3517356195125174E-4   1.3517356195125174E-4   0.0   



..\reqs\reqs-erl100-50-125-6\reqs-erl100-10-50-50-125-5000-6-2 index : 564Vogel:0to4 cpu: 10.660769 GHG:127514.6483094    min:3to2 cpu: 15.841562 GHG:131704.13867336
0.09684859173665927   0.09380942551285898   0.09667654081880528   0.09517254927379781   0.09291720956548488   0.09724839211853009   8.922159473740976E-4   
0.40044063995941315   0.39740147373561285   0.40026858904155915   0.3987645974965517   0.39650925778823876   0.40084044034128397   8.922159473740976E-4   
0.0010735151531804377   0.001965651070619856   9.014642353264435E-4   6.025273096810224E-4   0.0028578670179939536   0.0014733155350512561   2.9893692564542107E-4   
3.13939266591845E-4   0.0027252269572084487   1.4188834873785083E-4   0.001362103196269615   0.0036174429045825462   7.137396484626635E-4   1.7205091785399418E-4   
0.4965378848773412   -1.0   0.4963658339594872   0.4948618424144797   0.4926065027061668   0.496937685259212   1.7205091785399418E-4   
7.595758865885927E-4   7.595758865885927E-4   1.7205091785399418E-4   1.7205091785399418E-4   1.7205091785399418E-4   1.7205091785399418E-4   0.0   



..\reqs\reqs-erl100-50-125-6\reqs-erl100-10-50-50-125-5000-6-5 index : 3652Vogel:0to4 cpu: 34.1952 GHG:174409.35551999998    min:3to3 cpu: 32.182954 GHG:497474.5295564
0.18669495562784277   0.18365578940404248   0.18652290470998878   0.1850189131649813   0.18276357345666838   0.1870947560097136   8.922159473740976E-4   
0.310439733441342   0.3074005672175417   0.310267682523488   0.30876369097848055   0.3065083512701676   0.31083953382321283   8.922159473740976E-4   
0.0012841931195310963   0.0017549731042691974   0.001112142201677102   3.918493433303638E-4   0.002647189051643295   0.0016839935014019147   7.202928583467383E-4   
0.0017955220731948884   0.0012436441506054052   0.0016234711553408943   1.1947961033342835E-4   0.002135860097979503   0.002195322455065707   2.7236973299693545E-4   
0.4950151793290729   0.4919760131052726   0.4948431284112189   0.49333913686621145   0.4910837971578985   0.4954149797109437   2.7236973299693545E-4   
5.113289536637922E-4   4.054896892569104E-5   1.3150194892830314E-4   2.7236973299693545E-4   2.7236973299693545E-4   2.7236973299693545E-4   0.0   



..\reqs\reqs-erl100-50-125-6\reqs-erl100-10-50-50-125-5000-6-9 index : 857Vogel:1to4 cpu: 40.751028 GHG:187472.4983928    min:2to5 cpu: 26.842903 GHG:281849.7847898
0.3417357305024211   0.3386965642786208   0.3415636795845671   0.34005968803955966   0.33780434833124673   0.34213553088429194   8.922159473740976E-4   
0.15508026285922938   -1.0   0.15490821194137538   0.15340422039636792   0.151148880688055   0.1554800632411002   0.002255339708312931   
4.956159787901093E-4   0.003534782202590403   6.676668966441035E-4   0.0021716584416515694   0.004426998149964501   9.581559691929087E-5   3.9980038187081846E-4   
0.0026070779851252723   4.3208823867502133E-4   0.002435027067271278   9.310355222638123E-4   0.001324304186049119   0.003006878366996091   3.3627264175573046E-4   
0.49629034889443346   -1.0   0.49611829797657947   0.494614306431572   0.4923589667232591   0.4966901492763043   3.3627264175573046E-4   
0.002111462006335163   6.3527740115088E-5   6.3527740115088E-5   6.3527740115088E-5   6.3527740115088E-5   3.3627264175573046E-4   0.0   



..\reqs\reqs-erl200-50-125-6\reqs-erl200-10-50-50-125-5000-6-0 index : 2029Vogel:0to4 cpu: 16.653707 GHG:139456.1765682    min:3to2 cpu: 37.194612 GHG:188893.58542736
0.2416616937268259   0.2386225275030256   0.2414896428089719   0.23998565126396443   0.2377303115556515   0.2420614941086967   8.922159473740976E-4   
0.2562484290573934   0.25320926283359313   0.25607637813953943   0.25457238659453196   0.25231704688621903   0.25664822943926424   8.922159473740976E-4   
8.660759580294553E-4   -1.0   6.940250401754611E-4   8.099665048320048E-4   0.003065306213144936   0.0012658763399002737   1.1594146465654376E-4   
5.559162625843328E-4   0.002483249961215961   3.838653447303386E-4   0.0011201262002771273   0.0033754659085900585   9.557166444551513E-4   1.7205091785399418E-4   
0.4958841227289099   0.4928449565051096   0.4957120718110559   0.49420808026604846   0.4919527405577355   0.49628392311078073   1.7205091785399418E-4   
3.1015969544512245E-4   3.1015969544512245E-4   1.7205091785399418E-4   1.7205091785399418E-4   1.7205091785399418E-4   1.7205091785399418E-4   0.0   



..\reqs\reqs-erl200-50-125-6\reqs-erl200-10-50-50-125-5000-6-1 index : 2726Vogel:1to4 cpu: 40.178807 GHG:186332.2908282    min:2to5 cpu: 24.538933 GHG:272134.8648878
0.2722698794167968   0.2692307131929965   0.2720978284989428   0.27059383695393535   0.2683384972456224   0.27266967979866763   8.922159473740976E-4   
0.22467311788437883   -1.0   0.22450106696652483   0.22299707542151737   0.22074173571320443   0.22507291826624964   0.002255339708312931   
4.827815242700595E-4   0.003521947748070353   6.548324421240537E-4   0.0021588239871315196   0.004414163695444451   8.298114239924104E-5   3.9980038187081846E-4   
4.52076822101688E-4   0.0025870894016986057   2.800259042476938E-4   0.001223965640759772   0.0034793053490727033   8.518772039725064E-4   1.9704476184845277E-4   
0.4983149091082737   0.4952757428844734   0.4981428581904197   0.49663886664541224   0.4943835269370993   0.4987147094901445   1.9704476184845277E-4   
3.070470216837151E-5   3.070470216837151E-5   1.7205091785399418E-4   1.7205091785399418E-4   1.7205091785399418E-4   1.9704476184845277E-4   0.0   



..\reqs\reqs-erl200-50-125-6\reqs-erl200-10-50-50-125-5000-6-1 index : 3392Vogel:0to4 cpu: 27.28263 GHG:160635.368538    min:3to3 cpu: 36.543365 GHG:521005.923559
0.05700104823898755   0.05396188201518726   0.056828997321133556   0.05532500577612609   0.05306966606781316   0.05740084862085837   8.922159473740976E-4   
0.4405244837589066   0.43748531753510633   0.44035243284105263   0.43884844129604517   0.43659310158773224   0.44092428414077744   8.922159473740976E-4   
0.0019140759543461172   0.0011250902694541765   0.001742025036492123   2.3803349148465713E-4   0.002017306216828274   0.0023138763362169357   8.870567779695193E-4   
0.0017431228694775314   0.0012960433543227623   0.0015710719516235372   6.708040661607129E-5   0.00218825930169686   0.00214292325134835   1.7095308486858585E-4   
0.49403488407364193   0.49099571784984164   0.49386283315578794   0.4923588416107805   0.49010350190246754   0.49443468445551275   1.7095308486858585E-4   
1.7095308486858585E-4   1.7095308486858585E-4   1.7095308486858585E-4   1.7095308486858585E-4   1.7095308486858585E-4   1.7095308486858585E-4   0.0   



..\reqs\reqs-erl200-50-125-6\reqs-erl200-10-50-50-125-5000-6-2 index : 4798Vogel:0to4 cpu: 10.808228 GHG:127808.4751128    min:3to3 cpu: 3.318831 GHG:341706.4033746
0.1643407458561228   0.1613015796323225   0.1641686949382688   0.16266470339326133   0.1604093636849484   0.1647405462379936   8.922159473740976E-4   
0.33259321361441607   0.3295540473906158   0.3324211626965621   0.3309171711515546   0.3286618314432417   0.3329930139962869   8.922159473740976E-4   
0.002079768118164793   9.593981056355005E-4   0.001907717200310799   4.0372565530333304E-4   0.0018516140530095981   0.0024795685000356116   5.556724503321675E-4   
0.001997042831021645   0.0010421233927786488   0.0018249919131676506   3.2100036816018473E-4   0.0019343393401527464   0.0023968432128924633   8.272528714314831E-5   
0.49421219295612673   0.49117302673232643   0.49404014203827273   0.49253615049326527   0.49028081078495234   0.49461199333799755   8.272528714314831E-5   
8.272528714314831E-5   8.272528714314831E-5   8.272528714314831E-5   8.272528714314831E-5   8.272528714314831E-5   8.272528714314831E-5   0.0   



..\reqs\reqs-erl200-50-125-6\reqs-erl200-10-50-50-125-5000-6-4 index : 3170Vogel:0to4 cpu: 27.982187 GHG:162029.3058162    min:3to5 cpu: 15.769149 GHG:235156.19367339998
0.12197635243137483   0.11893718620757454   0.12180430151352084   0.12030030996851337   0.11804497026020044   0.12237615281324565   8.922159473740976E-4   
0.3750866783943252   0.3720475121705249   0.3749146274764712   0.37341063593146373   0.3711552962231508   0.375486478776196   8.922159473740976E-4   
8.966968422896571E-4   0.0021424693815106366   7.246459244356629E-4   7.79345620571803E-4   0.003034685328884734   0.0012964972241604755   5.469969613614012E-5   
2.216714609746262E-4   0.00326083768477492   3.937223788286204E-4   0.0018977139238360863   0.0041530536321490175   1.7812892089619226E-4   4.3542540078433944E-5   
0.49747583419224384   -1.0   0.49730378327438984   0.4957997917293824   0.49354445202106945   0.49787563457411466   4.3542540078433944E-5   
6.750253813150309E-4   6.750253813150309E-4   1.7205091785399418E-4   1.7205091785399418E-4   1.7205091785399418E-4   4.3542540078433944E-5   0.0   



..\reqs\reqs-erl200-50-125-6\reqs-erl200-10-50-50-125-5000-6-6 index : 2313Vogel:0to4 cpu: 29.949875 GHG:165950.12092500002    min:3to5 cpu: 4.701513 GHG:188488.3997158
0.32727161491249035   0.32423244868869006   0.32709956399463636   0.3255955724496289   0.32334023274131596   0.32767141529436117   8.922159473740976E-4   
0.16985215968071543   0.16681299345691514   0.16968010876286144   0.16817611721785397   0.16592077750954104   0.17025196006258625   8.922159473740976E-4   
6.012997261368724E-4   0.0024378664976634212   4.2924880828287826E-4   0.0010747427367245876   0.003330082445037519   0.001001100108007691   1.7205091785399418E-4   
5.924229585954066E-4   0.0036315891823957003   7.644738764494008E-4   0.0022684654214568667   0.004523805129769798   1.9262257672458816E-4   2.366262315582901E-4   
0.49810420218153695   0.49506503595773665   0.49793215126368295   0.4964281597186755   0.49417282001036256   0.49850400256340777   2.366262315582901E-4   
8.876767541465824E-6   8.876767541465824E-6   1.6317415031252835E-4   1.6317415031252835E-4   1.6317415031252835E-4   2.366262315582901E-4   0.0   



..\reqs\reqs-erl200-50-125-6\reqs-erl200-10-50-50-125-5000-6-6 index : 3339Vogel:0to4 cpu: 48.466739 GHG:202846.82413139998    min:3to3 cpu: 21.786649 GHG:441369.8299934
0.49486354441972935   -1.0   0.49469149350187536   0.4931875019568679   0.49093216224855496   0.49526334480160017   0.002255339708312931   
0.002398802642460396   6.403635813398978E-4   0.0022267517246064017   7.227601795989358E-4   0.0015325795287139954   0.0027986030243312143   8.2396598259038E-5   
0.4844784046262589   -1.0   0.4843063537084049   0.48280236216339745   0.4805470224550845   0.4848782050081297   8.2396598259038E-5   
0.0014237154545071462   0.0016154507692931475   0.001251664536653152   2.523270083543139E-4   0.002507666716667245   0.0018235158363779647   3.880365729855839E-4   
0.012058310131379812   0.009019143907579519   0.011886259213525818   0.010382267668518352   0.008126927960205421   0.012458110513250631   3.880365729855839E-4   
9.750871879532497E-4   7.833518731672484E-4   6.113009553132542E-4   3.880365729855839E-4   3.880365729855839E-4   3.880365729855839E-4   0.0   



..\reqs\reqs-erl200-50-125-6\reqs-erl200-10-50-50-125-5000-6-6 index : 3755Vogel:0to4 cpu: 38.388618 GHG:182765.16022680004    min:3to5 cpu: 17.153643 GHG:240994.05107380002
0.3168825278877989   0.3138433616639986   0.3167104769699449   0.31520648542493745   0.3129511457166245   0.31728232826966973   8.922159473740976E-4   
0.18016596931448703   0.17712680309068674   0.17999391839663303   0.17848992685162557   0.17623458714331264   0.18056576969635785   8.922159473740976E-4   
5.682154098547443E-4   0.0024709508139455494   3.961644920007501E-4   0.0011078270530067158   0.003363166761319647   9.680157917255627E-4   1.7205091785399418E-4   
4.5345586635292534E-4   0.003492622090153219   6.255067842069195E-4   0.0021294983292143854   0.004384838037527317   5.3655484482106885E-5   3.425090075186432E-4   
0.4980644947710857   -1.0   0.4978924438532317   0.49638845230822426   0.49413311259991133   0.49846429515295654   3.425090075186432E-4   
1.1475954350181894E-4   1.1475954350181894E-4   5.729137435217524E-5   5.729137435217524E-5   5.729137435217524E-5   3.425090075186432E-4   0.0   



..\reqs\reqs-erl200-50-125-6\reqs-erl200-10-50-50-125-5000-6-6 index : 4954Vogel:0to4 cpu: 4.127561 GHG:114496.5780486    min:2to2 cpu: 15.400463 GHG:130522.75204364001
0.10943134444606528   0.10639217822226499   0.10925929352821129   0.10775530198320382   0.10549996227489089   0.1098311448279361   8.922159473740976E-4   
0.3875760474363119   -1.0   0.3874039965184579   0.38590000497345045   0.3836446652651375   0.38797584781818273   8.922159473740976E-4   
3.2756207997231E-4   0.0027116041438279836   1.5551116211831584E-4   0.00134848038288915   0.0036038200912020812   7.273624618431285E-4   1.7205091785399418E-4   
6.109235063684881E-4   0.003650089730168782   7.829744242224823E-4   0.002286965969229948   0.004542305677542879   2.1112312449766968E-4   5.561196237935384E-5   
0.4984887049885742   0.49544953876477393   0.49831665407072023   0.49681266252571277   0.49455732281739984   0.49888850537044505   5.561196237935384E-5   
2.833614263961781E-4   2.833614263961781E-4   1.7205091785399418E-4   1.7205091785399418E-4   1.7205091785399418E-4   5.561196237935384E-5   0.0   



..\reqs\reqs-erl200-50-125-6\reqs-erl200-10-50-50-125-5000-6-9 index : 4729Vogel:0to4 cpu: 43.484136 GHG:192918.4893936    min:3to5 cpu: 38.557535 GHG:331245.702081
0.14941935557937658   -1.0   0.14924730466152258   0.14774331311651512   0.1454879734082022   0.1498191559612474   0.002255339708312931   
0.34775942735626586   -1.0   0.34758737643841187   0.3460833848934044   0.34382804518509147   0.3481592277381367   0.002255339708312931   
0.002342501762320648   6.966644614796458E-4   0.0021704508444666537   6.664592994591878E-4   0.0015888804088537434   0.0027423021441914663   3.0205162020457976E-5   
9.479128984564518E-4   0.003987079122256746   0.001119963816310446   0.002623955361317912   0.004879295069630843   5.481125165856333E-4   1.1834678287355447E-4   
0.4966608328990034   0.49362166667520313   0.49648878198114943   0.49498479043614196   0.49272945072782903   0.49706063328087424   1.1834678287355447E-4   
0.001394588863864196   2.51248436976806E-4   2.51248436976806E-4   3.0205162020457976E-5   3.0205162020457976E-5   1.1834678287355447E-4   0.0   



..\reqs\reqs-erl300-50-125-6\reqs-erl300-10-50-50-125-5000-6-0 index : 2326Vogel:0to4 cpu: 2.744427 GHG:111740.5452402    min:2to5 cpu: 4.921043 GHG:189414.0699138
0.21776526430352305   0.21472609807972276   0.21759321338566906   0.2160892218406616   0.21383388213234866   0.21816506468539387   8.922159473740976E-4   
0.2788991673369594   0.2758600011131591   0.2787271164191054   0.27722312487409795   0.274967785165785   0.2792989677188302   8.922159473740976E-4   
7.201458745826894E-4   0.003759312098382983   8.921967924366836E-4   0.0023961883374441495   0.004651528045757081   3.2034549271187096E-4   3.9980038187081846E-4   
8.799173081994738E-4   0.00215924891560082   7.078663903454796E-4   7.961251546619863E-4   0.0030514648629749175   0.0012797176900702922   3.8752089763360864E-4   
0.49838957744094614   0.49535041121714585   0.49821752652309215   0.4967135349780847   0.49445819526977175   0.49878937782281696   3.8752089763360864E-4   
1.5977143361678436E-4   1.5977143361678436E-4   1.2279484237209815E-5   1.2279484237209815E-5   1.2279484237209815E-5   3.8752089763360864E-4   0.0   



..\reqs\reqs-erl300-50-125-6\reqs-erl300-10-50-50-125-5000-6-3 index : 4704Vogel:0to4 cpu: 9.807746 GHG:125814.9146796    min:2to2 cpu: 41.098712 GHG:199349.85837536
0.1763587585627988   0.17331959233899852   0.17618670764494482   0.17468271609993735   0.17242737639162442   0.17675855894466963   8.922159473740976E-4   
0.3209699665864605   0.3179308003626602   0.3207979156686065   0.319293924123599   0.3170385844152861   0.3213697669683313   8.922159473740976E-4   
4.7001544031388676E-4   -1.0   2.979645224598926E-4   0.0012060270225475733   0.0034613667308605045   8.698158221847052E-4   1.7205091785399418E-4   
5.537221307250206E-4   0.002485444093075273   3.8167121287102646E-4   0.0011223203321364394   0.0033776600404493706   9.535225125958391E-4   8.370669041113388E-5   
0.4968577320059353   0.493818565782135   0.4966856810880813   0.49518168954307384   0.4929263498347609   0.4972575323878061   8.370669041113388E-5   
8.370669041113388E-5   8.370669041113388E-5   8.370669041113388E-5   8.370669041113388E-5   8.370669041113388E-5   8.370669041113388E-5   0.0   



..\reqs\reqs-erl300-50-125-6\reqs-erl300-10-50-50-125-5000-6-5 index : 893Vogel:0to4 cpu: 22.159762 GHG:150427.5417612    min:2to5 cpu: 47.403736 GHG:368546.5932176
0.3055444140222221   0.3025052477984218   0.3053723631043681   0.30386837155936064   0.3016130318510477   0.3059442144040929   8.922159473740976E-4   
0.1917529581526196   0.18871379192881932   0.19158090723476562   0.19007691568975815   0.18782157598144522   0.19215275853449043   8.922159473740976E-4   
2.837637642203461E-4   -1.0   4.558146820743403E-4   0.001959806227081806   0.004215145935394737   1.1603661765047235E-4   1.6772714656987375E-4   
0.0011474187497420019   0.0018917474740582918   9.753678318880077E-4   5.286237131194582E-4   0.0027839634214323894   0.0015472191316128203   1.6772714656987375E-4   
0.49705948710510484   0.49402032088130454   0.49688743618725084   0.4953834446422434   0.49312810493393044   0.49745928748697565   1.6772714656987375E-4   
8.636549855216558E-4   8.636549855216558E-4   1.7205091785399418E-4   1.7205091785399418E-4   1.7205091785399418E-4   1.6772714656987375E-4   0.0   



..\reqs\reqs-erl300-50-125-6\reqs-erl300-10-50-50-125-5000-6-8 index : 2716Vogel:0to4 cpu: 43.119781 GHG:192192.4756206    min:1to3 cpu: 29.023172 GHG:480422.45001520007
0.4955237794806635   -1.0   0.4953517285628095   0.49384773701780205   0.4915923973094891   0.4959235798625343   0.002255339708312931   
0.0019966020882549174   0.0010425641355453763   0.0018245511704009232   3.205596253934573E-4   0.001934780082919474   0.002396402470125736   7.22004510151919E-4   
0.29449622838647826   0.29145706216267797   0.29432417746862427   0.2928201859236168   0.2905648462153039   0.2948960287683491   7.22004510151919E-4   
9.025387971183241E-4   0.003941705020918618   0.0010745897149723183   0.002578581259979784   0.004833920968292715   5.027384152475056E-4   1.8217878985404834E-4   
0.20411193333050903   -1.0   0.20393988241265504   0.20243589086764757   0.20018055115933464   0.20451173371237985   1.8217878985404834E-4   
0.0010940632911365933   1.4002533842705223E-4   1.4002533842705223E-4   5.819791717248668E-4   5.819791717248668E-4   1.8217878985404834E-4   0.0   



..\reqs\reqs-erl400-50-125-6\reqs-erl400-10-50-50-125-5000-6-2 index : 4113Vogel:0to4 cpu: 41.519666 GHG:189004.0864716    min:2to3 cpu: 36.328843 GHG:519848.23413379997
0.2310287072349979   -1.0   0.23085665631714392   0.22935266477213645   0.22709732506382352   0.23142850761686873   0.002255339708312931   
0.2659476437549415   0.2629084775311412   0.2657755928370875   0.26427160129208005   0.2620162615837671   0.26634744413681233   0.002255339708312931   
0.0013301572167279119   0.0017090090070723818   0.0011581062988739177   3.458852461335482E-4   0.0026012249544464794   0.0017299575985987303   8.122210527403695E-4   
0.0035406291320612127   5.01462908260919E-4   0.0033685782142072185   0.0018645866691997526   3.907530391131786E-4   0.003940429513932031   4.4867792979630394E-5   
0.4933820126825026   -1.0   0.4932099617646486   0.49170597021964113   0.4894506305113282   0.4937818130643734   4.4867792979630394E-5   
0.002210471915333301   8.286943084669929E-4   6.566433906129987E-4   1.5557766212737079E-4   4.4867792979630394E-5   4.4867792979630394E-5   0.0   



..\reqs\reqs-erl400-50-125-6\reqs-erl400-10-50-50-125-5000-6-2 index : 4811Vogel:0to4 cpu: 48.459523 GHG:202832.4455298    min:3to3 cpu: 12.350444 GHG:390446.4060904
0.23070892453682745   -1.0   0.23053687361897346   0.229032882073966   0.22677754236565306   0.23110872491869827   0.002255339708312931   
0.26624781987987944   0.26320865365607915   0.26607576896202545   0.264571777417018   0.26231643770870505   0.26664762026175026   0.002255339708312931   
0.0024564051390996156   -1.0   0.0022843542212456214   7.803626762381555E-4   0.0014749770320747757   0.002856205520970434   6.946143558366202E-4   
0.0014487496689099544   0.0015904165548903393   0.0012766987510559602   2.272927939515057E-4   0.002482632502264437   0.0018485500507807728   5.530698822866498E-4   
0.4943700835191862   0.4913309172953859   0.4941980326013322   0.49269404105632475   0.4904387013480118   0.49476988390105703   5.530698822866498E-4   
0.0010076554701896612   1.416668859803849E-4   1.7205091785399418E-4   5.530698822866498E-4   5.530698822866498E-4   5.530698822866498E-4   0.0   



..\reqs\reqs-erl400-50-125-6\reqs-erl400-10-50-50-125-5000-6-3 index : 171Vogel:0to4 cpu: 36.651596 GHG:179303.97018960002    min:2to3 cpu: 5.945826 GHG:355883.2445916
0.24358526271811343   0.24054609649431313   0.24341321180025943   0.24190922025525197   0.23965388054693904   0.24398506309998425   8.922159473740976E-4   
0.2531329015411643   0.250093735317364   0.2529608506233103   0.25145685907830284   0.2492015193699899   0.2535327019230351   8.922159473740976E-4   
0.001941707444004237   0.0010974587797960567   0.0017696565261502428   2.656649811427769E-4   0.0019896747271701543   0.0023415078258750555   8.317937986532797E-4   
0.0013932456827632222   0.0016459205410370714   0.001221194764909228   2.8279678009823783E-4   0.002538136488411169   0.0017930460646340407   1.713179895546091E-5   
0.49518003525184895   0.49214086902804866   0.49500798433399495   0.4935039927889875   0.49124865308067456   0.49557983563371977   1.713179895546091E-5   
5.484617612410148E-4   2.957869029671656E-4   1.237359851131714E-4   1.713179895546091E-5   1.713179895546091E-5   1.713179895546091E-5   0.0   



..\reqs\reqs-erl400-50-125-6\reqs-erl400-10-50-50-125-5000-6-3 index : 1478Vogel:0to4 cpu: 29.868743 GHG:165788.4573018    min:2to2 cpu: 48.99983 GHG:220511.2646924
0.10039029968362456   0.09735113345982427   0.10021824876577057   0.0987142572207631   0.09645891751245017   0.10079010006549538   8.922159473740976E-4   
0.39699147415393554   0.39395230793013525   0.39681942323608155   0.3953154316910741   0.39306009198276115   0.39739127453580636   8.922159473740976E-4   
1.2056894735223977E-4   -1.0   5.1481970501754404E-5   0.0015554735155092203   0.0038108132238221515   5.203693292230582E-4   6.908697685048537E-5   
7.319750630170319E-4   0.002307191160783262   5.599241451630377E-4   9.440673998444282E-4   0.0031994071081573594   0.0011317754448878503   6.908697685048537E-5   
0.49698407189310956   0.49394490566930926   0.49681202097525556   0.4953080294302481   0.49305268972193517   0.4973838722749804   6.908697685048537E-5   
6.114061156647921E-4   6.114061156647921E-4   6.908697685048537E-5   6.908697685048537E-5   6.908697685048537E-5   6.908697685048537E-5   0.0   



..\reqs\reqs-erl400-50-125-6\reqs-erl400-10-50-50-125-5000-6-4 index : 454Vogel:0to4 cpu: 17.569344 GHG:141280.67485440001    min:2to5 cpu: 4.919302 GHG:189406.7288132
0.19787092985149002   0.19483176362768972   0.19769887893363602   0.19619488738862856   0.19393954768031563   0.19827073023336084   8.922159473740976E-4   
0.29916025211190345   0.29612108588810315   0.29898820119404945   0.297484209649042   0.29522886994072906   0.29956005249377426   8.922159473740976E-4   
5.431487006308799E-4   0.0035823149244311736   7.151996184848741E-4   0.00221919116349234   0.004474530871805271   1.433483187600615E-4   3.9980038187081846E-4   
5.61164799708358E-4   0.0024780014240919357   3.891138818543638E-4   0.001114877663153102   0.0033702173714660333   9.609651815791764E-4   2.457655630943023E-4   
0.4981801182693175   0.4951409520455172   0.4980080673514635   0.49650407580645606   0.4942487360981431   0.49857991865118834   2.457655630943023E-4   
1.801609907747803E-5   1.801609907747803E-5   1.5403481877651615E-4   1.5403481877651615E-4   1.5403481877651615E-4   2.457655630943023E-4   0.0   



..\reqs\reqs-erl400-50-125-6\reqs-erl400-10-50-50-125-5000-6-4 index : 1311Vogel:0to4 cpu: 21.114851 GHG:148345.45210260001    min:1to3 cpu: 10.472403 GHG:380311.3700298
0.4960377300822074   0.4929985638584071   0.4958656791643534   0.49436168761934596   0.492106347911033   0.49643753046407824   8.922159473740976E-4   
0.0013622474845433885   0.0016769187392569052   0.0011901965666893943   3.1379497831807157E-4   0.0025691346866310028   0.001762047866414207   8.764015883713228E-4   
0.2705113311515106   -1.0   0.2703392802336566   0.26883528868864914   0.2665799489803362   0.2709111315333814   8.764015883713228E-4   
9.094584215598722E-4   0.003948624645360166   0.0010815093394138664   0.0025855008844213323   0.0048408405927342635   5.096580396890538E-4   1.958630613709822E-4   
0.22822543721164834   0.22518627098784805   0.22805338629379435   0.22654939474878688   0.22429405504047395   0.22862523759351916   1.958630613709822E-4   
4.527890629835163E-4   4.527890629835163E-4   1.7205091785399418E-4   5.956634432418006E-4   5.956634432418006E-4   1.958630613709822E-4   0.0   



..\reqs\reqs-erl400-50-125-6\reqs-erl400-10-50-50-125-5000-6-8 index : 2388Vogel:0to4 cpu: 48.888147 GHG:203686.5217122    min:2to3 cpu: 29.593341 GHG:483499.42404059996
0.2970071765161606   -1.0   0.2968351255983066   0.29533113405329914   0.2930757943449862   0.2974069768980314   0.002255339708312931   
0.20015116367829933   0.19711199745449903   0.19997911276044533   0.19847512121543787   0.19621978150712494   0.20055096406017014   8.922159473740976E-4   
0.00156284484720004   0.0014763213766002536   0.0013907939293460458   1.1319761566142006E-4   0.0023685373239743512   0.0019626452290708585   0.0012775963136846258   
0.0015401261139231792   0.0014990401098771144   0.001368075196069185   1.3591634893828086E-4   0.002391256057251212   0.0019399264957939977   2.2718733276860803E-5   
0.49497129706827536   0.49193213084447507   0.49479924615042137   0.4932952546054139   0.49103991489710097   0.4953710974501462   2.2718733276860803E-5   
2.2718733276860803E-5   2.2718733276860803E-5   2.2718733276860803E-5   2.2718733276860803E-5   2.2718733276860803E-5   2.2718733276860803E-5   0.0   



..\reqs\reqs-erl400-50-125-6\reqs-erl400-10-50-50-125-5000-6-9 index : 1157Vogel:0to4 cpu: 31.747363 GHG:169531.79551380003    min:2to5 cpu: 14.725724 GHG:230756.48781840003
0.1357837324608795   0.1327445662370792   0.1356116815430255   0.13410768999801803   0.1318523502897051   0.1361835328427503   8.922159473740976E-4   
0.3612403923868328   -1.0   0.3610683414689788   0.35956434992397135   0.3573090102156584   0.3616401927687036   8.922159473740976E-4   
6.626424625197913E-4   0.003701808686320085   8.346933803737855E-4   0.0023386849253812514   0.004594024633694183   2.6284208064897285E-4   3.9980038187081846E-4   
7.483816181697023E-4   0.0022907846056305914   5.763307003157081E-4   9.276608446917578E-4   0.003183000553004689   0.0011481820000405207   3.1348861966673525E-4   
0.4980983302522759   0.4950591640284756   0.4979262793344219   0.49642228778941444   0.4941669480811015   0.4984981306341467   3.1348861966673525E-4   
8.573915564991097E-5   8.573915564991097E-5   8.631176220408321E-5   8.631176220408321E-5   8.631176220408321E-5   3.1348861966673525E-4   0.0   



..\reqs\reqs-erl400-50-125-6\reqs-erl400-10-50-50-125-5000-6-9 index : 1428Vogel:0to4 cpu: 38.065888 GHG:182122.0884288    min:3to3 cpu: 5.108549 GHG:351364.79553339997
0.14812147930859965   0.14508231308479935   0.14794942839074565   0.14644543684573819   0.14419009713742525   0.14852127969047046   8.922159473740976E-4   
0.34878976255453153   0.34575059633073124   0.34861771163667754   0.3471137200916701   0.34485838038335714   0.34918956293640235   8.922159473740976E-4   
0.002058667943913406   9.804982798868878E-4   0.0018866170260594117   3.826254810519458E-4   0.0018727142272609854   0.0024584683257842244   5.978727988349419E-4   
0.0013089468463647336   0.00173021937743556   0.0011368959285107394   3.670956164967265E-4   0.0026224353248096577   0.001708747228235552   1.552986455521932E-5   
0.49493611852443564   0.49189695230063535   0.49476406760658165   0.4932600760615742   0.49100473635326125   0.49533591890630646   1.552986455521932E-5   
7.497210975486723E-4   3.284485664778458E-4   1.5639764862385164E-4   1.552986455521932E-5   1.552986455521932E-5   1.552986455521932E-5   0.0   



..\reqs\reqs-erl500-50-125-6\reqs-erl500-10-50-50-125-5000-6-2 index : 426Vogel:0to4 cpu: 26.083295 GHG:158245.573617    min:2to3 cpu: 5.134996 GHG:351507.5194136
0.07938966759070054   0.07635050136690025   0.07921761667284655   0.07771362512783908   0.07545828541952615   0.07978946797257136   8.922159473740976E-4   
0.41764482284759197   0.4146056566237917   0.417472771929738   0.4159687803847305   0.4137134406764176   0.4180446232294628   8.922159473740976E-4   
0.0013268912125595916   0.001712275011240702   0.0011548402947055975   3.4915125030186844E-4   0.0026044909586147996   0.00172669159443041   8.05689044403729E-4   
9.556128492793874E-4   0.003994779073079681   0.0011276637671333817   0.0026316553121408476   0.004886995020453778   5.558124674085689E-4   2.0666121710670048E-4   
0.49782911037178224   0.49478994414798194   0.49765705945392824   0.4961530679089208   0.49389772820060784   0.49822891075365305   2.0666121710670048E-4   
3.7127836328020426E-4   3.7127836328020426E-4   1.720509178539943E-4   6.064615989775189E-4   6.064615989775189E-4   2.0666121710670048E-4   0.0   



..\reqs\reqs-erl500-50-125-6\reqs-erl500-10-50-50-125-5000-6-4 index : 9Vogel:0to4 cpu: 23.859107 GHG:153813.65660820002    min:2to2 cpu: 39.946697 GHG:196264.43964115996
0.16251665645592084   0.15947749023212054   0.16234460553806684   0.16084061399305938   0.15858527428474645   0.16291645683779166   8.922159473740976E-4   
0.334855494479541   0.3318163282557407   0.334683443561687   0.33317945201667953   0.3309241123083666   0.3352552948614118   8.922159473740976E-4   
1.8574813269367496E-4   0.0028534180911066187   1.3697214839680782E-5   0.0014902943301677851   0.0037456340384807163   5.855485145644934E-4   1.7205091785399418E-4   
5.553321680942247E-4   -1.0   3.832812502402305E-4   0.0011207102947672354   0.0033760500030801666   9.551325499650432E-4   1.7205091785399418E-4   
0.4971068275385164   0.49406766131471613   0.49693477662066243   0.49543078507565497   0.49317544536734204   0.49750662792038725   1.7205091785399418E-4   
3.6958403540054974E-4   3.6958403540054974E-4   1.7205091785399418E-4   1.7205091785399418E-4   1.7205091785399418E-4   1.7205091785399418E-4   0.0   



..\reqs\reqs-erl500-50-125-6\reqs-erl500-10-50-50-125-5000-6-5 index : 508Vogel:1to4 cpu: 48.19951 GHG:202314.343626    min:3to3 cpu: 17.808373 GHG:419900.6657318
0.337346816767365   0.3343076505435647   0.337174765849511   0.33567077430450354   0.3334154345961906   0.3377466171492358   8.922159473740976E-4   
0.15938357175485862   -1.0   0.15921152083700463   0.15770752929199716   0.15545218958368423   0.15978337213672944   0.002255339708312931   
0.0025547618231342994   4.844044006659942E-4   0.0023827109052803053   8.787193602728394E-4   0.0013766203480400918   0.002954562205005118   3.9431495960684515E-4   
0.001813651581983322   0.0012255146418169716   0.001641600664129328   1.3760911912186202E-4   0.002117730589191069   0.0022134519638541406   3.467952815441322E-4   
0.4941351148863191   -1.0   0.4939630639684651   0.49245907242345766   0.4902037327151447   0.49453491526818993   3.467952815441322E-4   
7.411102411509773E-4   7.411102411509773E-4   7.411102411509773E-4   3.467952815441322E-4   3.467952815441322E-4   3.467952815441322E-4   0.0   



..\reqs\reqs-erl500-50-125-6\reqs-erl500-10-50-50-125-5000-6-5 index : 1143Vogel:0to4 cpu: 47.449542 GHG:200819.95738920002    min:3to3 cpu: 4.625732 GHG:348759.2253112
0.2269035580290506   -1.0   0.2267315071111966   0.22522751556618914   0.2229721758578762   0.22730335841092142   0.002255339708312931   
0.26987884180795163   0.26683967558415134   0.26970679089009764   0.26820279934509017   0.26594745963677724   0.27027864218982245   0.002255339708312931   
3.94283627812797E-4   0.0026448825959874966   2.2223270995880284E-4   0.001281758835048663   0.0035370985433615942   7.940840096836155E-4   1.7205091785399418E-4   
0.001800433602838325   0.0012387326209619687   0.0016283826849843308   1.243911399768649E-4   0.0021309485683360663   0.0022002339847091434   9.784156998193794E-5   
0.4962472765591315   0.4932081103353312   0.4960752256412775   0.49457123409627   0.4923158943879571   0.4966470769410023   9.784156998193794E-5   
0.001406149975025528   8.444489931491717E-4   1.7205091785399418E-4   9.784156998193794E-5   9.784156998193794E-5   9.784156998193794E-5   0.0   



..\reqs\reqs-erl500-50-125-6\reqs-erl500-10-50-50-125-5000-6-5 index : 2962Vogel:0to4 cpu: 22.590273 GHG:151285.37797980002    min:3to3 cpu: 17.86545 GHG:420208.68746999995
0.1577799426267461   0.1547407764029458   0.1576078917088921   0.15610390016388465   0.15384856045557171   0.15817974300861692   8.922159473740976E-4   
0.33918647832382476   -1.0   0.33901442740597076   0.3375104358609633   0.33525509615265037   0.3395862787056956   8.922159473740976E-4   
0.0023049678845268318   7.341983392734619E-4   0.0021329169666728376   6.289254216653717E-4   0.0016264142866475595   0.0027047682663976502   1.0527291760809021E-4   
0.0014657298558375942   0.0015734363679626995   0.0012936789379836   2.103126070238659E-4   0.002465652315336797   0.0018655302377084126   4.186128146415058E-4   
0.4944948762822037   0.4914557100584034   0.4943228253643497   0.4928188338193422   0.4905634941110293   0.4948946766640745   4.186128146415058E-4   
8.392380286892376E-4   7.315315165641323E-4   5.594805987101381E-4   4.186128146415058E-4   4.186128146415058E-4   4.186128146415058E-4   0.0   



..\reqs\reqs-erl500-50-125-6\reqs-erl500-10-50-50-125-5000-6-6 index : 1545Vogel:0to4 cpu: 31.749635 GHG:169536.32270100003    min:3to5 cpu: 47.838995 GHG:370381.90631700004
0.08824779905302194   0.08520863282922164   0.08807574813516794   0.08657175659016048   0.08431641688184754   0.08864759943489275   8.922159473740976E-4   
0.40907824578238206   0.40603907955858176   0.40890619486452806   0.4074022033195206   0.40514686361120766   0.4094780461642529   8.922159473740976E-4   
0.0011905209710292297   0.001848645252771064   0.0010184700531752355   4.8552149183223037E-4   0.0027408612001451615   0.0015903213529000482   5.329485613430052E-4   
4.4583979158385745E-4   -1.0   6.178907094378516E-4   0.0021218822544453175   0.004377221962758249   4.603940971303899E-5   3.9980038187081846E-4   
0.4971625674690472   -1.0   0.4969905165511932   0.49548652500618573   0.4932311852978728   0.497562367850918   3.9980038187081846E-4   
7.446811794453723E-4   7.446811794453723E-4   1.7205091785399418E-4   3.968170024837292E-5   3.968170024837292E-5   3.9980038187081846E-4   0.0   



..\reqs\reqs-erl500-50-125-6\reqs-erl500-10-50-50-125-5000-6-6 index : 4643Vogel:0to4 cpu: 29.38394 GHG:164822.438844    min:2to5 cpu: 47.421326 GHG:368620.7632116
0.07494698812791967   0.07190782190411937   0.07477493721006567   0.07327094566505821   0.07101560595674528   0.07534678850979049   8.922159473740976E-4   
0.42226863348827237   -1.0   0.4220965825704184   0.4205925910254109   0.418337251317098   0.4226684338701432   8.922159473740976E-4   
3.4887158015095565E-4   -1.0   5.209224980049498E-4   0.0020249140430124157   0.004280253751325347   5.0928801719862804E-5   2.9794277843109285E-4   
1.0270489810437766E-4   0.002936461325695916   6.934601974961652E-5   0.0015733375647570824   0.0038286772730700136   5.025052799751961E-4   1.8417218029753712E-5   
0.49825036576424964   -1.0   0.49807831484639564   0.4965743233013882   0.49431898359307525   0.49865016614612045   1.8417218029753712E-5   
2.46166682046578E-4   2.46166682046578E-4   3.3358878354761146E-5   3.3358878354761146E-5   3.3358878354761146E-5   1.8417218029753712E-5   0.0   



..\reqs\reqs-erl500-50-125-6\reqs-erl500-10-50-50-125-5000-6-7 index : 4064Vogel:0to4 cpu: 10.584884 GHG:127363.43985840002    min:3to3 cpu: 33.436541 GHG:504239.6371606
0.20855564356583045   0.20551647734203016   0.20838359264797646   0.206879601102969   0.20462426139465606   0.20895544394770127   8.922159473740976E-4   
0.28875484946860297   0.2857156832448027   0.288582798550749   0.2870788070057415   0.2848234672974286   0.2891546498504738   8.922159473740976E-4   
0.001977114796574142   0.0010620514272261516   0.0018050638787201478   3.0107233371268194E-4   0.0019542673746002492   0.0023769151784449605   7.609790935134697E-4   
0.0018353560176507244   0.0012038102061495692   0.0016633050997967302   1.5931355478926434E-4   0.002096026153523667   0.002235156399521543   1.417587789234176E-4   
0.4941001865062731   -1.0   0.4939281355884191   0.4924241440434116   0.4901688043350987   0.4944999868881439   1.417587789234176E-4   
1.417587789234176E-4   1.417587789234176E-4   1.417587789234176E-4   1.417587789234176E-4   1.417587789234176E-4   1.417587789234176E-4   0.0   



